

 Numbers of non-zero-weighted points of each type

 {delta}Hdil =   73
 EMF =  169
 Cp =   74
 Isopiestic =  263
 Alpha =   44


 SQ OSM  = 0.2478E+02   SQ ALPHA = 0.2223E+01   SQ EMF = 0.1765E+02
 SQ HDIL = 0.1020E+02   SQ PHICP = 0.5500E+01


  Covariance Matrix:

  0.134101036698E-04  0.532354268523E-03  0.811371745355E-05 -0.292325181175E-06 -0.172374337134E-04  0.542290632163E-04  0.264524539583E-05 -0.240160823817E-05 -0.959218427078E-04 -0.132907138971E-05  0.686312635557E-07 -0.124624906989E-04 -0.547555153302E-03 -0.359900633214E-04 -0.239679243783E-05  0.127277894255E-03  0.100510175799E-01  0.434234137623E-03  0.796436519760E-05  0.246949333702E-05  0.433723340361E-04  0.211016254122E-06  0.199593041553E-06  0.216982813664E-02  0.132854209441E-03 -0.757528665299E-05  0.143266903512E-01  0.318891764458E-07 -0.837083443737E-04 -0.139411786163E-05  0.212024754952E-07  0.805113762253E-04  0.138123467203E-05 -0.168416576580E-07 -0.436009388241E-04 -0.726335046092E-06  0.492216829850E-08 -0.211661299850E-07  0.134469583561E-08  0.115132125566E-08  0.239678222565E-08 -0.109588636484E-07  0.148856331867E-03 -0.773682398570E-04  0.133784097982E-03
  0.532354268523E-03  0.932294442652E-01  0.443502970885E-02  0.545347756398E-04  0.546146562060E-03 -0.357833705341E-04 -0.397034967160E-04 -0.108240121412E-03 -0.165091355346E-01 -0.828526185023E-03 -0.126689602100E-04 -0.175508660884E-05 -0.100966653626E+00 -0.884858905617E-02 -0.284949589113E-03 -0.961866300403E-02 -0.135869468063E+00 -0.164259202524E-02  0.848314333445E-04  0.165875760922E-04  0.239468813327E-01  0.212308904558E-02  0.687677192578E-04 -0.572766905669E+00 -0.277983097874E-01  0.409697050703E-01  0.434701401146E+00  0.704870954922E-05 -0.117819078665E-02 -0.310364308413E-04  0.349044523437E-05  0.451276437645E-02  0.871920776340E-04 -0.333445877291E-05  0.436802839960E-03  0.431931834828E-05  0.168403294745E-05 -0.130412870890E-05 -0.139346525245E-08 -0.195897487888E-06  0.474126919597E-06 -0.851684576444E-06  0.538147368794E-02  0.120393231435E-01  0.504202588948E-02
  0.811371745355E-05  0.443502970885E-02  0.315152928575E-03  0.719289073364E-05  0.972690994374E-04 -0.291183916498E-03 -0.190393728576E-04 -0.195136894080E-05 -0.832992155045E-03 -0.629339784988E-04 -0.168435266864E-05  0.372449388607E-04 -0.413726487996E-02 -0.564334033126E-03 -0.185218016606E-04 -0.125629223268E-02 -0.662615664364E-01 -0.256819835919E-02 -0.347510904876E-04 -0.107030458237E-04  0.104263071231E-02  0.153811298072E-03  0.555557314384E-05 -0.293758908178E-01 -0.197956929215E-02  0.327632751042E-02 -0.517204088698E-02  0.201489120733E-06  0.356423161702E-03  0.527137398828E-05  0.877109550970E-07 -0.166464887465E-03 -0.213786688481E-05 -0.957720927859E-07  0.307343536277E-03  0.500358934808E-05  0.649445042857E-07 -0.128150367231E-07 -0.212588749021E-08 -0.540882657973E-08  0.582295979918E-08 -0.763208222744E-08 -0.102420903952E-02  0.716750889905E-03 -0.165561852564E-03
 -0.292325181175E-06  0.545347756398E-04  0.719289073364E-05  0.348039028992E-06  0.512749717747E-05 -0.140900545235E-04 -0.112802156930E-05  0.559103620673E-07 -0.105359025372E-04 -0.149608674520E-05 -0.762070923784E-07  0.233376544204E-05 -0.234472729796E-04 -0.149854805573E-04 -0.523006425546E-06 -0.709891054976E-04 -0.401722829912E-02 -0.164931400367E-03 -0.238942620580E-05 -0.801500040891E-06 -0.725503667836E-05  0.342408993898E-05  0.148603394523E-06 -0.381335381822E-03 -0.498405278188E-04  0.214453896174E-03 -0.116857659093E-02  0.378083620724E-08  0.259087290422E-04  0.415655230602E-06  0.134033761793E-08 -0.249664544010E-04 -0.399890001490E-06 -0.193939541574E-08  0.210422023877E-04  0.341550980058E-06  0.300254157883E-08  0.118798952390E-08 -0.159506396856E-09  0.134225690921E-09 -0.384233742366E-09  0.993574771195E-09 -0.104153266060E-03  0.265448846274E-04 -0.233791995927E-04
 -0.172374337134E-04  0.546146562060E-03  0.972690994374E-04  0.512749717747E-05  0.266210603454E-03 -0.298954045580E-03 -0.194040183701E-04  0.261219383591E-05 -0.132484382004E-03 -0.225585670804E-04 -0.117389586496E-05  0.951010236649E-04 -0.182522171922E-02 -0.315680668321E-03 -0.704034006117E-05 -0.278558125766E-02 -0.109067507182E+00 -0.348201769428E-02 -0.445244670483E-04 -0.283176216123E-04  0.259584079237E-03  0.841370404838E-04  0.255363268029E-05 -0.791421248400E-02 -0.857793043709E-03  0.355680359786E-02 -0.405871778382E-01  0.689619237490E-07  0.477690417260E-03  0.751799535950E-05 -0.108640094943E-07 -0.218318621015E-03 -0.326257050970E-05 -0.333197016175E-07  0.340579321311E-03  0.570789160651E-05  0.158168716005E-06  0.556853137946E-07 -0.106132412658E-07  0.132307390523E-07 -0.130884423856E-07  0.121514184934E-06 -0.160243219813E-02  0.647709146870E-03 -0.667291768671E-03
  0.542290632163E-04 -0.357833705341E-04 -0.291183916498E-03 -0.140900545235E-04 -0.298954045580E-03  0.155126393927E-02  0.689945714652E-04 -0.823843640729E-05  0.290730989208E-03  0.754641386076E-04  0.343510169059E-05 -0.107084621457E-03  0.191177359138E-03  0.444440667797E-03  0.129267207493E-04  0.418389977448E-02  0.308383105310E+00  0.119091027432E-01  0.187578112451E-03  0.245975274023E-04 -0.115732986488E-02 -0.235224118219E-03 -0.884574943820E-05  0.401456844438E-02  0.439584040168E-03  0.191811004073E-02  0.129465499925E+00  0.244710709881E-06 -0.156060901080E-02 -0.257292523151E-04  0.152395947495E-06  0.169392611073E-02  0.278683144654E-04 -0.134615534979E-06 -0.112664147098E-02 -0.197558496500E-04  0.110463550000E-06 -0.169325610670E-06  0.534501088565E-08  0.142768277681E-07  0.137259447638E-07 -0.157845329943E-07  0.505000835277E-02  0.487470560228E-03  0.232248003514E-02
  0.264524539583E-05 -0.397034967160E-04 -0.190393728576E-04 -0.112802156930E-05 -0.194040183701E-04  0.689945714652E-04  0.468356201721E-05 -0.436665504395E-06  0.139334461666E-04  0.423580658683E-05  0.246470151168E-06 -0.762615711836E-05  0.390153378722E-04  0.388799391812E-04  0.119146447416E-05  0.299910546687E-03  0.190016193201E-01  0.799933109147E-03  0.128849135433E-04  0.227972457355E-05 -0.729042911417E-05 -0.118949443584E-04 -0.475555390691E-06  0.928686639605E-03  0.127342370824E-03 -0.495862585218E-03  0.785781324350E-02 -0.665917934805E-08 -0.108063236942E-03 -0.177838920382E-05 -0.132900888481E-08  0.115988368382E-03  0.190758196728E-05  0.312626954756E-08 -0.892135668466E-04 -0.147836356368E-05 -0.673514391533E-08 -0.798596437474E-08  0.340673158176E-09 -0.872814286212E-10  0.126912912608E-08 -0.302741737113E-08  0.434611911264E-03 -0.530368293781E-04  0.127453792270E-03
 -0.240160823817E-05 -0.108240121412E-03 -0.195136894080E-05  0.559103620673E-07  0.261219383591E-05 -0.823843640729E-05 -0.436665504395E-06  0.486230275537E-06  0.228817896545E-04  0.477425623622E-06 -0.984134469956E-08  0.325788427450E-05  0.204761484942E-03  0.105496079039E-04  0.447619263604E-06 -0.961103143511E-05 -0.104097494281E-02 -0.482205890010E-04 -0.907773829088E-06 -0.101498425126E-05 -0.603858716240E-04 -0.260945652161E-05 -0.874941846677E-07 -0.177819624350E-03 -0.169611530636E-04  0.193430191355E-04 -0.183773664307E-02 -0.736837746746E-08  0.343479372425E-05  0.562529985461E-07 -0.421629412421E-08 -0.116596298867E-04 -0.204478855144E-06  0.372572069575E-08  0.508409677428E-05  0.825262800506E-07 -0.123510268377E-08  0.396199010274E-08 -0.177853825474E-09 -0.100122284851E-09 -0.600901606440E-09  0.174324614734E-08 -0.135241965047E-04 -0.142103295523E-05 -0.200638229863E-04
 -0.959218427078E-04 -0.165091355346E-01 -0.832992155045E-03 -0.105359025372E-04 -0.132484382004E-03  0.290730989208E-03  0.139334461666E-04  0.228817896545E-04  0.335322277894E-02  0.180512161774E-03  0.306047319516E-05  0.556966656123E-04  0.229130088174E-01  0.183739868578E-02  0.569827471678E-04  0.235955259482E-02  0.934330722802E-01  0.305712066382E-02  0.336059954416E-04 -0.342511113683E-04 -0.763338087386E-02 -0.590430430921E-03 -0.184250303927E-04  0.897681145465E-01  0.429489548345E-02 -0.368467742697E-02 -0.436197709753E-01 -0.919602028954E-06 -0.115116244825E-02 -0.175674075784E-04 -0.392675093419E-06 -0.261802209559E-03 -0.632955907680E-05  0.426311466422E-06 -0.322467140823E-03 -0.531454372272E-05 -0.203388617741E-06  0.178629927512E-06 -0.175326650275E-08  0.366760977587E-07 -0.571440475622E-07  0.544007567510E-07  0.694862886737E-03 -0.215175384564E-02 -0.637456620440E-03
 -0.132907138971E-05 -0.828526185023E-03 -0.629339784988E-04 -0.149608674520E-05 -0.225585670804E-04  0.754641386076E-04  0.423580658683E-05  0.477425623622E-06  0.180512161774E-03  0.142758188034E-04  0.397038583913E-06 -0.592936960421E-05  0.102303294489E-02  0.124211969763E-03  0.398731645885E-05  0.303935448673E-03  0.174558873348E-01  0.667923196723E-03  0.950485125493E-05  0.117544771434E-05 -0.358719502639E-03 -0.417283553615E-04 -0.145886801712E-05  0.487383287902E-02  0.336217301900E-03 -0.461462356329E-03  0.310150834423E-02 -0.252900576287E-07 -0.147799148325E-03 -0.236977665479E-05 -0.643498033258E-08  0.737042117452E-04  0.112513686792E-05  0.115894953944E-07 -0.742954769239E-04 -0.124253743497E-05 -0.917299295584E-08 -0.267344329355E-08  0.356649676896E-09  0.128386317101E-08  0.454642712350E-09 -0.423769284415E-08  0.302495321161E-03 -0.132229649004E-03  0.514967654394E-04
  0.686312635557E-07 -0.126689602100E-04 -0.168435266864E-05 -0.762070923784E-07 -0.117389586496E-05  0.343510169059E-05  0.246470151168E-06 -0.984134469956E-08  0.306047319516E-05  0.397038583913E-06  0.183686222671E-07 -0.475295694413E-06  0.126230854799E-04  0.370991913186E-05  0.123487977313E-06  0.166060092759E-04  0.951283182052E-03  0.379645695035E-04  0.548267057975E-06  0.154419389801E-06 -0.284930074962E-05 -0.108625557645E-05 -0.431350208066E-07  0.827322710184E-04  0.104647151010E-04 -0.403956253430E-04  0.299132623524E-03 -0.647289832301E-09 -0.711436830121E-05 -0.116577294977E-06 -0.113037713282E-09  0.617892176103E-05  0.100289832433E-06  0.324666639610E-09 -0.465633534835E-05 -0.765313452205E-07 -0.579012599426E-09 -0.394499215451E-09  0.387995913593E-10 -0.108644518829E-10  0.111305670291E-09 -0.322975504392E-09  0.233653167245E-04 -0.605447477193E-05  0.523108948832E-05
 -0.124624906989E-04 -0.175508660884E-05  0.372449388607E-04  0.233376544204E-05  0.951010236649E-04 -0.107084621457E-03 -0.762615711836E-05  0.325788427450E-05  0.556966656123E-04 -0.592936960421E-05 -0.475295694413E-06  0.805404131465E-04  0.293919539297E-02  0.122424991478E-04 -0.136993576032E-05 -0.742940484739E-03 -0.262595724565E-01 -0.742672201397E-03 -0.725357224066E-05 -0.287871463967E-04 -0.137561215713E-02 -0.351559775281E-04 -0.402998465812E-06 -0.367307746103E-03 -0.278765104917E-03  0.194843716141E-02  0.286561628268E-02 -0.262549786219E-07  0.523448665098E-04  0.901302179073E-06 -0.253885176854E-07 -0.534797248904E-04 -0.988182098115E-06  0.117516818579E-07  0.699976342280E-04  0.115169280800E-05  0.423041885334E-07  0.187248073690E-07 -0.232971663914E-08  0.447109603612E-08 -0.982501980477E-08  0.424974107000E-07 -0.280160539257E-03 -0.246338939057E-03 -0.173999131418E-03
 -0.547555153302E-03 -0.100966653626E+00 -0.413726487996E-02 -0.234472729796E-04 -0.182522171922E-02  0.191177359138E-03  0.390153378722E-04  0.204761484942E-03  0.229130088174E-01  0.102303294489E-02  0.126230854799E-04  0.293919539297E-02  0.432605303356E+00  0.208998995200E-01  0.310397652593E-03  0.552309666989E-01  0.176714956694E+01  0.556811160032E-01  0.720538686447E-03 -0.127674683203E-02 -0.153628016566E+00 -0.830067646357E-02 -0.182615094758E-03  0.114499271374E+01  0.476051499882E-01 -0.163595470600E-01  0.184816385821E+01 -0.213733660734E-04 -0.107509800872E-01 -0.158502814839E-03 -0.104523093156E-04  0.176362915093E-02  0.693744869956E-05  0.103077358462E-04 -0.559894717040E-02 -0.911990346726E-04 -0.571184432587E-05  0.750936015502E-06  0.317023356074E-06  0.463284539969E-06 -0.102800583682E-05  0.206195792220E-05  0.162142276012E-01 -0.724187823438E-01  0.627103809324E-02
 -0.359900633214E-04 -0.884858905617E-02 -0.564334033126E-03 -0.149854805573E-04 -0.315680668321E-03  0.444440667797E-03  0.388799391812E-04  0.105496079039E-04  0.183739868578E-02  0.124211969763E-03  0.370991913186E-05  0.122424991478E-04  0.208998995200E-01  0.173428817967E-02  0.449498842472E-04  0.514464389740E-02  0.208300014660E+00  0.731037769753E-02  0.887237664375E-04 -0.129044678115E-04 -0.634936592313E-02 -0.533861259638E-03 -0.156758646049E-04  0.657985628966E-01  0.431277422153E-02 -0.105086475921E-01  0.782839282144E-01 -0.104966060813E-05 -0.150605468285E-02 -0.232937851837E-04 -0.482477105021E-06  0.820948445259E-03  0.119523441971E-04  0.515003259695E-06 -0.941949329513E-03 -0.152200218199E-04 -0.399033881548E-06  0.126407953091E-07  0.209674455850E-07  0.654500501280E-08 -0.228897751272E-07  0.100253843148E-07  0.437745342968E-02 -0.426060903208E-02  0.840263446636E-03
 -0.239679243783E-05 -0.284949589113E-03 -0.185218016606E-04 -0.523006425546E-06 -0.704034006117E-05  0.129267207493E-04  0.119146447416E-05  0.447619263604E-06  0.569827471678E-04  0.398731645885E-05  0.123487977313E-06 -0.136993576032E-05  0.310397652593E-03  0.449498842472E-04  0.184842462669E-05  0.807761374106E-04  0.353229273855E-02  0.131657368716E-03  0.123287422465E-05  0.693293747277E-06 -0.610038752068E-04 -0.107623292494E-04 -0.463150714979E-06  0.417162784109E-03  0.623364326174E-04 -0.293052309430E-03 -0.201393946078E-02 -0.776652108092E-08 -0.324628431809E-04 -0.485402803779E-06 -0.303734555542E-08  0.169292926359E-04  0.227471713398E-06  0.424598058857E-08 -0.206266832519E-04 -0.326415831188E-06 -0.588399166205E-08  0.138495914581E-08 -0.991382983778E-10 -0.563016001488E-09  0.534312240947E-09 -0.215382296642E-08  0.107365363855E-03 -0.258744240560E-04  0.196866593002E-05
  0.127277894255E-03 -0.961866300403E-02 -0.125629223268E-02 -0.709891054976E-04 -0.278558125766E-02  0.418389977448E-02  0.299910546687E-03 -0.961103143511E-05  0.235955259482E-02  0.303935448673E-03  0.166060092759E-04 -0.742940484739E-03  0.552309666989E-01  0.514464389740E-02  0.807761374106E-04  0.445356189019E-01  0.198975670445E+01  0.713307329968E-01  0.106714247612E-02  0.208834376860E-03 -0.141443083381E-01 -0.158693770588E-02 -0.409089893514E-04  0.208328960449E+00  0.153347024609E-01 -0.505016818975E-01  0.937060436689E+00 -0.526699432093E-05 -0.847217877338E-02 -0.143279216817E-03 -0.236015893434E-05  0.804945389588E-02  0.135502359707E-03  0.255608162900E-05 -0.708983153626E-02 -0.119420825330E-03 -0.250472042438E-05 -0.419338745719E-06  0.147083129114E-06 -0.658726208255E-08 -0.471502451899E-07 -0.226027548992E-06  0.374130571257E-01 -0.167134254231E-01  0.109266996291E-01
  0.100510175799E-01 -0.135869468063E+00 -0.662615664364E-01 -0.401722829912E-02 -0.109067507182E+00  0.308383105310E+00  0.190016193201E-01 -0.104097494281E-02  0.934330722802E-01  0.174558873348E-01  0.951283182052E-03 -0.262595724565E-01  0.176714956694E+01  0.208300014660E+00  0.353229273855E-02  0.198975670445E+01  0.116186491453E+03  0.463423640707E+01  0.766029738031E-01  0.585437897643E-02 -0.687937545125E+00 -0.816282732317E-01 -0.238337801386E-02  0.575349756618E+01  0.552864453162E+00 -0.158836128634E+01  0.531264391649E+02 -0.773698716126E-04 -0.613378495291E+00 -0.104852821433E-01 -0.254828337958E-04  0.619510974737E+00  0.105365675078E-01  0.355392951318E-04 -0.468861190028E+00 -0.796860399511E-02 -0.498321681698E-04 -0.339266342452E-04  0.353035971622E-05 -0.318571263918E-06  0.207349998163E-05 -0.156417336260E-04  0.266096136914E+01 -0.533156356890E+00  0.622591812209E+00
  0.434234137623E-03 -0.164259202524E-02 -0.256819835919E-02 -0.164931400367E-03 -0.348201769428E-02  0.119091027432E-01  0.799933109147E-03 -0.482205890010E-04  0.305712066382E-02  0.667923196723E-03  0.379645695035E-04 -0.742672201397E-03  0.556811160032E-01  0.731037769753E-02  0.131657368716E-03  0.713307329968E-01  0.463423640707E+01  0.199415381431E+00  0.349146596297E-02  0.131261170414E-03 -0.253075899115E-01 -0.302218767311E-02 -0.916025324400E-04  0.197650679479E+00  0.217948658553E-01 -0.676827460886E-01  0.215071250015E+01 -0.154485348044E-05 -0.275567775028E-01 -0.467875140770E-03 -0.304591676610E-06  0.283821345306E-01  0.479578516677E-03  0.669547285459E-06 -0.207168653585E-01 -0.347910948410E-03 -0.128996309432E-05 -0.138272496847E-05  0.558150010264E-08 -0.133689452027E-07  0.121019341726E-06 -0.568731400266E-06  0.122616077276E+00 -0.148653800697E-01  0.226093055196E-01
  0.796436519760E-05  0.848314333445E-04 -0.347510904876E-04 -0.238942620580E-05 -0.445244670483E-04  0.187578112451E-03  0.128849135433E-04 -0.907773829088E-06  0.336059954416E-04  0.950485125493E-05  0.548267057975E-06 -0.725357224066E-05  0.720538686447E-03  0.887237664375E-04  0.123287422465E-05  0.106714247612E-02  0.766029738031E-01  0.349146596297E-02  0.647655604157E-04  0.226703477276E-06 -0.426168660308E-03 -0.447968111825E-04 -0.133341044583E-05  0.268573027859E-02  0.301733149669E-03 -0.795693172049E-03  0.368111548798E-01 -0.265809242840E-08 -0.474736027049E-03 -0.808246165983E-05  0.567825854733E-08  0.497842181709E-03  0.842846922689E-05 -0.531003016435E-09 -0.354566325139E-03 -0.593883439340E-05 -0.927394032443E-08 -0.232291376671E-07 -0.222444388886E-08  0.162876602133E-09  0.184396147654E-08 -0.786739611047E-08  0.218701379584E-02 -0.724835388347E-04  0.318137510083E-03
  0.246949333702E-05  0.165875760922E-04 -0.107030458237E-04 -0.801500040891E-06 -0.283176216123E-04  0.245975274023E-04  0.227972457355E-05 -0.101498425126E-05 -0.342511113683E-04  0.117544771434E-05  0.154419389801E-06 -0.287871463967E-04 -0.127674683203E-02 -0.129044678115E-04  0.693293747277E-06  0.208834376860E-03  0.585437897643E-02  0.131261170414E-03  0.226703477276E-06  0.115780683505E-04  0.654369906784E-03  0.210785048443E-04  0.292105454265E-06 -0.105007725390E-02  0.539567158940E-04 -0.757633096680E-03 -0.450766238795E-02  0.558269041619E-08  0.311958338301E-04  0.507491084639E-06  0.458664687244E-08  0.101964618396E-04  0.209235980241E-06 -0.170459560824E-08 -0.136353733561E-04 -0.211547658556E-06 -0.154592176553E-07 -0.516718116560E-08  0.481094436144E-09 -0.214261170131E-08  0.374864022535E-08 -0.115412554252E-07  0.623965161688E-04  0.128713213133E-03  0.353582606414E-04
  0.433723340361E-04  0.239468813327E-01  0.104263071231E-02 -0.725503667836E-05  0.259584079237E-03 -0.115732986488E-02 -0.729042911417E-05 -0.603858716240E-04 -0.763338087386E-02 -0.358719502639E-03 -0.284930074962E-05 -0.137561215713E-02 -0.153628016566E+00 -0.634936592313E-02 -0.610038752068E-04 -0.141443083381E-01 -0.687937545125E+00 -0.253075899115E-01 -0.426168660308E-03  0.654369906784E-03  0.664202671572E-01  0.340780161841E-02  0.736019983276E-04 -0.337807454121E+00 -0.115042317998E-01 -0.267694325604E-01 -0.845376432855E+00  0.443909184338E-05  0.849483120675E-02  0.136920687145E-03  0.193976237061E-05 -0.222335390015E-02 -0.315836400947E-04 -0.207874502168E-05  0.224220335495E-02  0.391536849237E-04  0.817122273741E-06  0.625179464821E-07 -0.830798605624E-07 -0.194921102582E-06  0.263079555395E-06 -0.378405746966E-06 -0.803742650955E-02  0.222556112448E-01 -0.309494457533E-02
  0.211016254122E-06  0.212308904558E-02  0.153811298072E-03  0.342408993898E-05  0.841370404838E-04 -0.235224118219E-03 -0.118949443584E-04 -0.260945652161E-05 -0.590430430921E-03 -0.417283553615E-04 -0.108625557645E-05 -0.351559775281E-04 -0.830067646357E-02 -0.533861259638E-03 -0.107623292494E-04 -0.158693770588E-02 -0.816282732317E-01 -0.302218767311E-02 -0.447968111825E-04  0.210785048443E-04  0.340780161841E-02  0.231805468528E-03  0.620994895665E-05 -0.207831335300E-01 -0.110644344172E-02  0.579293926808E-03 -0.509789894605E-01  0.230960354444E-06  0.785477264674E-03  0.127248217839E-04  0.890584121234E-07 -0.393220611532E-03 -0.618702446134E-05 -0.109361692522E-06  0.325598191026E-03  0.550207640574E-05  0.701424902613E-07  0.255932299188E-07 -0.622096220465E-08 -0.758919623655E-08  0.573580936221E-08  0.633544988204E-08 -0.150976466176E-02  0.135866429923E-02 -0.387204251883E-03
  0.199593041553E-06  0.687677192578E-04  0.555557314384E-05  0.148603394523E-06  0.255363268029E-05 -0.884574943820E-05 -0.475555390691E-06 -0.874941846677E-07 -0.184250303927E-04 -0.145886801712E-05 -0.431350208066E-07 -0.402998465812E-06 -0.182615094758E-03 -0.156758646049E-04 -0.463150714979E-06 -0.409089893514E-04 -0.238337801386E-02 -0.916025324400E-04 -0.133341044583E-05  0.292105454265E-06  0.736019983276E-04  0.620994895665E-05  0.201520785442E-06 -0.331600915013E-03 -0.231482201069E-04  0.226295284667E-04 -0.829834404401E-03  0.230400032604E-08  0.225938661065E-04  0.366849105318E-06  0.424473471047E-09 -0.134468786270E-04 -0.213461804410E-06 -0.110262795706E-08  0.101948442517E-04  0.172116278569E-06  0.104825742009E-08  0.889918709935E-09 -0.577063002489E-10 -0.714578641876E-10 -0.122354243263E-09  0.738225789404E-09 -0.502337602711E-04  0.213470830660E-04 -0.976361087006E-05
  0.216982813664E-02 -0.572766905669E+00 -0.293758908178E-01 -0.381335381822E-03 -0.791421248400E-02  0.401456844438E-02  0.928686639605E-03 -0.177819624350E-03  0.897681145465E-01  0.487383287902E-02  0.827322710184E-04 -0.367307746103E-03  0.114499271374E+01  0.657985628966E-01  0.417162784109E-03  0.208328960449E+00  0.575349756618E+01  0.197650679479E+00  0.268573027859E-02 -0.105007725390E-02 -0.337807454121E+00 -0.207831335300E-01 -0.331600915013E-03  0.933455738712E+01  0.439860778532E+00 -0.522977907210E+00  0.836798677561E+01 -0.120394123649E-03 -0.126577788334E-02  0.625631588688E-04 -0.599233468896E-04 -0.581594979914E-02 -0.177038060656E-03  0.567910325561E-04 -0.222697168758E-01 -0.322200915760E-03 -0.287223218877E-04  0.498447196801E-05  0.174475136699E-05  0.406832681508E-05 -0.711620749682E-05  0.149744197603E-04 -0.351216449090E-01 -0.324373526897E+00  0.333560389475E-01
  0.132854209441E-03 -0.277983097874E-01 -0.197956929215E-02 -0.498405278188E-04 -0.857793043709E-03  0.439584040168E-03  0.127342370824E-03 -0.169611530636E-04  0.429489548345E-02  0.336217301900E-03  0.104647151010E-04 -0.278765104917E-03  0.476051499882E-01  0.431277422153E-02  0.623364326174E-04  0.153347024609E-01  0.552864453162E+00  0.217948658553E-01  0.301733149669E-03  0.539567158940E-04 -0.115042317998E-01 -0.110644344172E-02 -0.231482201069E-04  0.439860778532E+00  0.282137833829E-01 -0.576565108467E-01  0.459955509692E+00 -0.490120605095E-05 -0.295352472584E-02 -0.441326124580E-04 -0.234618805962E-05  0.176533627879E-02  0.251220148649E-04  0.236776682727E-05 -0.312009897986E-02 -0.478361642934E-04 -0.166677255060E-05  0.864761408327E-07  0.113942672811E-06  0.877603004340E-07 -0.153993383742E-06  0.293142159798E-06  0.102051724599E-01 -0.201466902937E-01  0.278300547822E-02
 -0.757528665299E-05  0.409697050703E-01  0.327632751042E-02  0.214453896174E-03  0.355680359786E-02  0.191811004073E-02 -0.495862585218E-03  0.193430191355E-04 -0.368467742697E-02 -0.461462356329E-03 -0.403956253430E-04  0.194843716141E-02 -0.163595470600E-01 -0.105086475921E-01 -0.293052309430E-03 -0.505016818975E-01 -0.158836128634E+01 -0.676827460886E-01 -0.795693172049E-03 -0.757633096680E-03 -0.267694325604E-01  0.579293926808E-03  0.226295284667E-04 -0.522977907210E+00 -0.576565108467E-01  0.309802690398E+00 -0.429858289762E+00  0.119442609454E-04  0.165624091357E-01  0.254914252973E-03  0.561040175982E-05 -0.137852591905E-01 -0.211347405535E-03 -0.604496547832E-05  0.131535490923E-01  0.195544448387E-03  0.637797856865E-05 -0.366373941342E-06 -0.246591683426E-06  0.236712415403E-06 -0.881605059940E-07  0.695340541076E-06 -0.781041332480E-01  0.464871074911E-01 -0.737208540398E-02
  0.143266903512E-01  0.434701401146E+00 -0.517204088698E-02 -0.116857659093E-02 -0.405871778382E-01  0.129465499925E+00  0.785781324350E-02 -0.183773664307E-02 -0.436197709753E-01  0.310150834423E-02  0.299132623524E-03  0.286561628268E-02  0.184816385821E+01  0.782839282144E-01 -0.201393946078E-02  0.937060436689E+00  0.531264391649E+02  0.215071250015E+01  0.368111548798E-01 -0.450766238795E-02 -0.845376432855E+00 -0.509789894605E-01 -0.829834404401E-03  0.836798677561E+01  0.459955509692E+00 -0.429858289762E+00  0.444662377326E+02 -0.116100781519E-03 -0.294302316870E+00 -0.498024838046E-02 -0.529337461356E-04  0.309647812483E+00  0.522293840078E-02  0.543786556178E-04 -0.216769595246E+00 -0.365361027033E-02 -0.344917488490E-04 -0.259976908986E-04  0.407037494634E-05  0.403446498722E-05 -0.361864842662E-05  0.815463626881E-05  0.109381076337E+01 -0.638893955452E+00  0.371546562249E+00
  0.318891764458E-07  0.704870954922E-05  0.201489120733E-06  0.378083620724E-08  0.689619237490E-07  0.244710709881E-06 -0.665917934805E-08 -0.736837746746E-08 -0.919602028954E-06 -0.252900576287E-07 -0.647289832301E-09 -0.262549786219E-07 -0.213733660734E-04 -0.104966060813E-05 -0.776652108092E-08 -0.526699432093E-05 -0.773698716126E-04 -0.154485348044E-05 -0.265809242840E-08  0.558269041619E-08  0.443909184338E-05  0.230960354444E-06  0.230400032604E-08 -0.120394123649E-03 -0.490120605095E-05  0.119442609454E-04 -0.116100781519E-03  0.735536853606E-08 -0.566582801465E-06 -0.116417832625E-07  0.235021211485E-08 -0.597481297766E-06 -0.747219253885E-08 -0.211710115397E-08  0.133383897848E-06  0.952714982852E-09  0.918752046561E-09 -0.236413266142E-09 -0.243198926233E-10 -0.142338475082E-09  0.177343722538E-09 -0.901215413508E-09  0.795145393380E-06  0.476490105307E-05 -0.500360112650E-06
 -0.837083443737E-04 -0.117819078665E-02  0.356423161702E-03  0.259087290422E-04  0.477690417260E-03 -0.156060901080E-02 -0.108063236942E-03  0.343479372425E-05 -0.115116244825E-02 -0.147799148325E-03 -0.711436830121E-05  0.523448665098E-04 -0.107509800872E-01 -0.150605468285E-02 -0.324628431809E-04 -0.847217877338E-02 -0.613378495291E+00 -0.275567775028E-01 -0.474736027049E-03  0.311958338301E-04  0.849483120675E-02  0.785477264674E-03  0.225938661065E-04 -0.126577788334E-02 -0.295352472584E-02  0.165624091357E-01 -0.294302316870E+00 -0.566582801465E-06  0.482807338527E-01  0.790380792404E-03 -0.425620760742E-05 -0.632413260966E-02 -0.104214076372E-03  0.293137734952E-06  0.338564559434E-02  0.557476709802E-04  0.536497499144E-07  0.272806552918E-06  0.152170268744E-08 -0.775477063239E-08 -0.138091231945E-06  0.415231593512E-05 -0.234564838396E-01  0.368152121678E-02 -0.308101238028E-02
 -0.139411786163E-05 -0.310364308413E-04  0.527137398828E-05  0.415655230602E-06  0.751799535950E-05 -0.257292523151E-04 -0.177838920382E-05  0.562529985461E-07 -0.175674075784E-04 -0.236977665479E-05 -0.116577294977E-06  0.901302179073E-06 -0.158502814839E-03 -0.232937851837E-04 -0.485402803779E-06 -0.143279216817E-03 -0.104852821433E-01 -0.467875140770E-03 -0.808246165983E-05  0.507491084639E-06  0.136920687145E-03  0.127248217839E-04  0.366849105318E-06  0.625631588688E-04 -0.441326124580E-04  0.254914252973E-03 -0.498024838046E-02 -0.116417832625E-07  0.790380792404E-03  0.129973914350E-04 -0.713633116307E-07 -0.105689271719E-03 -0.176589901391E-05  0.596998381227E-08  0.565108524104E-04  0.935894648335E-06  0.282003809812E-09  0.443342560303E-08 -0.334253490075E-11 -0.890247888305E-10 -0.237763285635E-08  0.688054175952E-07 -0.390002655897E-03  0.606542173491E-04 -0.520346785377E-04
  0.212024754952E-07  0.349044523437E-05  0.877109550970E-07  0.134033761793E-08 -0.108640094943E-07  0.152395947495E-06 -0.132900888481E-08 -0.421629412421E-08 -0.392675093419E-06 -0.643498033258E-08 -0.113037713282E-09 -0.253885176854E-07 -0.104523093156E-04 -0.482477105021E-06 -0.303734555542E-08 -0.236015893434E-05 -0.254828337958E-04 -0.304591676610E-06  0.567825854733E-08  0.458664687244E-08  0.193976237061E-05  0.890584121234E-07  0.424473471047E-09 -0.599233468896E-04 -0.234618805962E-05  0.561040175982E-05 -0.529337461356E-04  0.235021211485E-08 -0.425620760742E-05 -0.713633116307E-07  0.202108882574E-08 -0.259868702313E-06 -0.305251950852E-08 -0.114714952964E-08  0.152449524218E-07 -0.390101440482E-09  0.458667947050E-09 -0.152398955966E-09 -0.108506692506E-10 -0.673670818679E-10  0.108134023908E-09 -0.126937714129E-08  0.671636562988E-06  0.230249949742E-05 -0.189338896429E-06
  0.805113762253E-04  0.451276437645E-02 -0.166464887465E-03 -0.249664544010E-04 -0.218318621015E-03  0.169392611073E-02  0.115988368382E-03 -0.116596298867E-04 -0.261802209559E-03  0.737042117452E-04  0.617892176103E-05 -0.534797248904E-04  0.176362915093E-02  0.820948445259E-03  0.169292926359E-04  0.804945389588E-02  0.619510974737E+00  0.283821345306E-01  0.497842181709E-03  0.101964618396E-04 -0.222335390015E-02 -0.393220611532E-03 -0.134468786270E-04 -0.581594979914E-02  0.176533627879E-02 -0.137852591905E-01  0.309647812483E+00 -0.597481297766E-06 -0.632413260966E-02 -0.105689271719E-03 -0.259868702313E-06  0.580754264204E-01  0.949587176707E-03 -0.282997413600E-05 -0.334730736686E-02 -0.553190146263E-04 -0.637591335424E-07 -0.163740777433E-05 -0.105818469777E-07  0.316743153923E-05  0.316860306548E-05  0.153304006725E-06  0.231716155391E-01 -0.223284880027E-02  0.347299846664E-02
  0.138123467203E-05  0.871920776340E-04 -0.213786688481E-05 -0.399890001490E-06 -0.326257050970E-05  0.278683144654E-04  0.190758196728E-05 -0.204478855144E-06 -0.632955907680E-05  0.112513686792E-05  0.100289832433E-06 -0.988182098115E-06  0.693744869956E-05  0.119523441971E-04  0.227471713398E-06  0.135502359707E-03  0.105365675078E-01  0.479578516677E-03  0.842846922689E-05  0.209235980241E-06 -0.315836400947E-04 -0.618702446134E-05 -0.213461804410E-06 -0.177038060656E-03  0.251220148649E-04 -0.211347405535E-03  0.522293840078E-02 -0.747219253885E-08 -0.104214076372E-03 -0.176589901391E-05 -0.305251950852E-08  0.949587176707E-03  0.156127237813E-04 -0.475340579332E-07 -0.557937751316E-04 -0.927013652427E-06 -0.437644873792E-09 -0.349751567702E-07 -0.143766921363E-09  0.518772353411E-07  0.520445784819E-07  0.218175231572E-08  0.384673776768E-03 -0.367503807396E-04  0.584781191171E-04
 -0.168416576580E-07 -0.333445877291E-05 -0.957720927859E-07 -0.193939541574E-08 -0.333197016175E-07 -0.134615534979E-06  0.312626954756E-08  0.372572069575E-08  0.426311466422E-06  0.115894953944E-07  0.324666639610E-09  0.117516818579E-07  0.103077358462E-04  0.515003259695E-06  0.424598058857E-08  0.255608162900E-05  0.355392951318E-04  0.669547285459E-06 -0.531003016435E-09 -0.170459560824E-08 -0.207874502168E-05 -0.109361692522E-06 -0.110262795706E-08  0.567910325561E-04  0.236776682727E-05 -0.604496547832E-05  0.543786556178E-04 -0.211710115397E-08  0.293137734952E-06  0.596998381227E-08 -0.114714952964E-08 -0.282997413600E-05 -0.475340579332E-07  0.166298231189E-08 -0.642888031806E-07 -0.428045632797E-09 -0.451700667955E-09 -0.207244456600E-09  0.118522518501E-10 -0.571335880812E-09 -0.718377240618E-09  0.440663916676E-09 -0.354104016017E-06 -0.232920009413E-05  0.225026298812E-06
 -0.436009388241E-04  0.436802839960E-03  0.307343536277E-03  0.210422023877E-04  0.340579321311E-03 -0.112664147098E-02 -0.892135668466E-04  0.508409677428E-05 -0.322467140823E-03 -0.742954769239E-04 -0.465633534835E-05  0.699976342280E-04 -0.559894717040E-02 -0.941949329513E-03 -0.206266832519E-04 -0.708983153626E-02 -0.468861190028E+00 -0.207168653585E-01 -0.354566325139E-03 -0.136353733561E-04  0.224220335495E-02  0.325598191026E-03  0.101948442517E-04 -0.222697168758E-01 -0.312009897986E-02  0.131535490923E-01 -0.216769595246E+00  0.133383897848E-06  0.338564559434E-02  0.565108524104E-04  0.152449524218E-07 -0.334730736686E-02 -0.557937751316E-04 -0.642888031806E-07  0.211694730738E+00  0.351391765802E-02 -0.217406125112E-04  0.141769630247E-06  0.465648945921E-05  0.975719408995E-08 -0.243125621562E-07  0.843130625977E-07 -0.144792477635E-01  0.290408723300E-02 -0.246011173388E-02
 -0.726335046092E-06  0.431931834828E-05  0.500358934808E-05  0.341550980058E-06  0.570789160651E-05 -0.197558496500E-04 -0.147836356368E-05  0.825262800506E-07 -0.531454372272E-05 -0.124253743497E-05 -0.765313452205E-07  0.115169280800E-05 -0.911990346726E-04 -0.152200218199E-04 -0.326415831188E-06 -0.119420825330E-03 -0.796860399511E-02 -0.347910948410E-03 -0.593883439340E-05 -0.211547658556E-06  0.391536849237E-04  0.550207640574E-05  0.172116278569E-06 -0.322200915760E-03 -0.478361642934E-04  0.195544448387E-03 -0.365361027033E-02  0.952714982852E-09  0.557476709802E-04  0.935894648335E-06 -0.390101440482E-09 -0.553190146263E-04 -0.927013652427E-06 -0.428045632797E-09  0.351391765802E-02  0.585708871125E-04 -0.375555536932E-06  0.244066147095E-08  0.111430911994E-06  0.159138905279E-09 -0.420062337822E-09  0.144468541979E-08 -0.238359232243E-03  0.462749764434E-04 -0.421088832308E-04
  0.492216829850E-08  0.168403294745E-05  0.649445042857E-07  0.300254157883E-08  0.158168716005E-06  0.110463550000E-06 -0.673514391533E-08 -0.123510268377E-08 -0.203388617741E-06 -0.917299295584E-08 -0.579012599426E-09  0.423041885334E-07 -0.571184432587E-05 -0.399033881548E-06 -0.588399166205E-08 -0.250472042438E-05 -0.498321681698E-04 -0.128996309432E-05 -0.927394032443E-08 -0.154592176553E-07  0.817122273741E-06  0.701424902613E-07  0.104825742009E-08 -0.287223218877E-04 -0.166677255060E-05  0.637797856865E-05 -0.344917488490E-04  0.918752046561E-09  0.536497499144E-07  0.282003809812E-09  0.458667947050E-09 -0.637591335424E-07 -0.437644873792E-09 -0.451700667955E-09 -0.217406125112E-04 -0.375555536932E-06  0.583676691958E-08 -0.286956877302E-10 -0.489040665827E-08 -0.685144790494E-11  0.226834707442E-10 -0.547767363520E-10 -0.572364271068E-06  0.166143844355E-05 -0.231143426723E-06
 -0.211661299850E-07 -0.130412870890E-05 -0.128150367231E-07  0.118798952390E-08  0.556853137946E-07 -0.169325610670E-06 -0.798596437474E-08  0.396199010274E-08  0.178629927512E-06 -0.267344329355E-08 -0.394499215451E-09  0.187248073690E-07  0.750936015502E-06  0.126407953091E-07  0.138495914581E-08 -0.419338745719E-06 -0.339266342452E-04 -0.138272496847E-05 -0.232291376671E-07 -0.516718116560E-08  0.625179464821E-07  0.255932299188E-07  0.889918709935E-09  0.498447196801E-05  0.864761408327E-07 -0.366373941342E-06 -0.259976908986E-04 -0.236413266142E-09  0.272806552918E-06  0.443342560303E-08 -0.152398955966E-09 -0.163740777433E-05 -0.349751567702E-07 -0.207244456600E-09  0.141769630247E-06  0.244066147095E-08 -0.286956877302E-10  0.558387786846E-08 -0.150859175752E-11  0.329766937300E-09  0.306470929474E-09  0.873119669106E-10 -0.716043035947E-06 -0.131153236344E-06 -0.325866866866E-06
  0.134469583561E-08 -0.139346525245E-08 -0.212588749021E-08 -0.159506396856E-09 -0.106132412658E-07  0.534501088565E-08  0.340673158176E-09 -0.177853825474E-09 -0.175326650275E-08  0.356649676896E-09  0.387995913593E-10 -0.232971663914E-08  0.317023356074E-06  0.209674455850E-07 -0.991382983778E-10  0.147083129114E-06  0.353035971622E-05  0.558150010264E-08 -0.222444388886E-08  0.481094436144E-09 -0.830798605624E-07 -0.622096220465E-08 -0.577063002489E-10  0.174475136699E-05  0.113942672811E-06 -0.246591683426E-06  0.407037494634E-05 -0.243198926233E-10  0.152170268744E-08 -0.334253490075E-11 -0.108506692506E-10 -0.105818469777E-07 -0.143766921363E-09  0.118522518501E-10  0.465648945921E-05  0.111430911994E-06 -0.489040665827E-08 -0.150859175752E-11  0.152566895385E-07 -0.169576043706E-13 -0.392981586823E-12 -0.138892731823E-11 -0.601665145873E-07 -0.224118044153E-06  0.648280512812E-07
  0.115132125566E-08 -0.195897487888E-06 -0.540882657973E-08  0.134225690921E-09  0.132307390523E-07  0.142768277681E-07 -0.872814286212E-10 -0.100122284851E-09  0.366760977587E-07  0.128386317101E-08 -0.108644518829E-10  0.447109603612E-08  0.463284539969E-06  0.654500501280E-08 -0.563016001488E-09 -0.658726208255E-08 -0.318571263918E-06 -0.133689452027E-07  0.162876602133E-09 -0.214261170131E-08 -0.194921102582E-06 -0.758919623655E-08 -0.714578641876E-10  0.406832681508E-05  0.877603004340E-07  0.236712415403E-06  0.403446498722E-05 -0.142338475082E-09 -0.775477063239E-08 -0.890247888305E-10 -0.673670818679E-10  0.316743153923E-05  0.518772353411E-07 -0.571335880812E-09  0.975719408995E-08  0.159138905279E-09 -0.685144790494E-11  0.329766937300E-09 -0.169576043706E-13  0.403792147486E-08  0.630274157000E-09  0.381144302240E-10 -0.131582754077E-06 -0.547995879285E-07  0.192677599892E-07
  0.239678222565E-08  0.474126919597E-06  0.582295979918E-08 -0.384233742366E-09 -0.130884423856E-07  0.137259447638E-07  0.126912912608E-08 -0.600901606440E-09 -0.571440475622E-07  0.454642712350E-09  0.111305670291E-09 -0.982501980477E-08 -0.102800583682E-05 -0.228897751272E-07  0.534312240947E-09 -0.471502451899E-07  0.207349998163E-05  0.121019341726E-06  0.184396147654E-08  0.374864022535E-08  0.263079555395E-06  0.573580936221E-08 -0.122354243263E-09 -0.711620749682E-05 -0.153993383742E-06 -0.881605059940E-07 -0.361864842662E-05  0.177343722538E-09 -0.138091231945E-06 -0.237763285635E-08  0.108134023908E-09  0.316860306548E-05  0.520445784819E-07 -0.718377240618E-09 -0.243125621562E-07 -0.420062337822E-09  0.226834707442E-10  0.306470929474E-09 -0.392981586823E-12  0.630274157000E-09  0.743301471613E-08 -0.568217272722E-10  0.220366405587E-06  0.153729944484E-06  0.109024522752E-07
 -0.109588636484E-07 -0.851684576444E-06 -0.763208222744E-08  0.993574771195E-09  0.121514184934E-06 -0.157845329943E-07 -0.302741737113E-08  0.174324614734E-08  0.544007567510E-07 -0.423769284415E-08 -0.322975504392E-09  0.424974107000E-07  0.206195792220E-05  0.100253843148E-07 -0.215382296642E-08 -0.226027548992E-06 -0.156417336260E-04 -0.568731400266E-06 -0.786739611047E-08 -0.115412554252E-07 -0.378405746966E-06  0.633544988204E-08  0.738225789404E-09  0.149744197603E-04  0.293142159798E-06  0.695340541076E-06  0.815463626881E-05 -0.901215413508E-09  0.415231593512E-05  0.688054175952E-07 -0.126937714129E-08  0.153304006725E-06  0.218175231572E-08  0.440663916676E-09  0.843130625977E-07  0.144468541979E-08 -0.547767363520E-10  0.873119669106E-10 -0.138892731823E-11  0.381144302240E-10 -0.568217272722E-10  0.582356883334E-08 -0.676646387429E-06 -0.267783153092E-06 -0.285617366048E-07
  0.148856331867E-03  0.538147368794E-02 -0.102420903952E-02 -0.104153266060E-03 -0.160243219813E-02  0.505000835277E-02  0.434611911264E-03 -0.135241965047E-04  0.694862886737E-03  0.302495321161E-03  0.233653167245E-04 -0.280160539257E-03  0.162142276012E-01  0.437745342968E-02  0.107365363855E-03  0.374130571257E-01  0.266096136914E+01  0.122616077276E+00  0.218701379584E-02  0.623965161688E-04 -0.803742650955E-02 -0.150976466176E-02 -0.502337602711E-04 -0.351216449090E-01  0.102051724599E-01 -0.781041332480E-01  0.109381076337E+01  0.795145393380E-06 -0.234564838396E-01 -0.390002655897E-03  0.671636562988E-06  0.231716155391E-01  0.384673776768E-03 -0.354104016017E-06 -0.144792477635E-01 -0.238359232243E-03 -0.572364271068E-06 -0.716043035947E-06 -0.601665145873E-07 -0.131582754077E-06  0.220366405587E-06 -0.676646387429E-06  0.105876212883E+00 -0.109079535640E-01  0.983489141583E-02
 -0.773682398570E-04  0.120393231435E-01  0.716750889905E-03  0.265448846274E-04  0.647709146870E-03  0.487470560228E-03 -0.530368293781E-04 -0.142103295523E-05 -0.215175384564E-02 -0.132229649004E-03 -0.605447477193E-05 -0.246338939057E-03 -0.724187823438E-01 -0.426060903208E-02 -0.258744240560E-04 -0.167134254231E-01 -0.533156356890E+00 -0.148653800697E-01 -0.724835388347E-04  0.128713213133E-03  0.222556112448E-01  0.135866429923E-02  0.213470830660E-04 -0.324373526897E+00 -0.201466902937E-01  0.464871074911E-01 -0.638893955452E+00  0.476490105307E-05  0.368152121678E-02  0.606542173491E-04  0.230249949742E-05 -0.223284880027E-02 -0.367503807396E-04 -0.232920009413E-05  0.290408723300E-02  0.462749764434E-04  0.166143844355E-05 -0.131153236344E-06 -0.224118044153E-06 -0.547995879285E-07  0.153729944484E-06 -0.267783153092E-06 -0.109079535640E-01  0.376195547093E-01 -0.666217841784E-02
