

 Numbers of non-zero-weighted points of each type

 {delta}Hdil =   73
 EMF =  169
 Cp =   74
 Isopiestic =  263
 Alpha =   44


 SQ OSM  = 0.2385E+02   SQ ALPHA = 0.2376E+01   SQ EMF = 0.1642E+02
 SQ HDIL = 0.6711E+01   SQ PHICP = 0.5279E+01


  Covariance Matrix:

  0.178143795082E-04  0.103327360930E-02  0.294663086354E-04  0.279876733278E-06 -0.348528791523E-05  0.433651173355E-04  0.208113498560E-05 -0.318306476457E-05 -0.168211670997E-03 -0.438143472846E-05 -0.311139985075E-07 -0.137310209489E-04 -0.160873928928E-02 -0.125030118729E-03 -0.520271572789E-05 -0.256657360603E-03 -0.613630317103E-02 -0.128348698404E-03 -0.366069236540E-05  0.121902203449E-05  0.110161793902E-03  0.919503190226E-05  0.505122531719E-06 -0.460358967209E-03  0.139275979037E-04  0.542643392286E-03  0.102161817029E-01  0.114317019861E-06 -0.621908871620E-04 -0.979310069358E-06  0.632393186823E-07  0.577721938797E-04  0.903084851605E-06 -0.566956153929E-07 -0.341110260621E-04 -0.466978613604E-06  0.292799062256E-07 -0.234472820132E-07  0.319802859848E-08 -0.814737641076E-09  0.526176390378E-08 -0.189247840505E-07  0.382402519187E-04 -0.174664040399E-03  0.204384529055E-03
  0.103327360930E-02  0.135087845765E+00  0.570654480261E-02  0.519953039851E-04  0.689850777206E-03  0.361855879725E-03  0.826757373879E-04 -0.190523020961E-03 -0.222809621066E-01 -0.957775371867E-03 -0.991665205656E-05 -0.340365996832E-03 -0.172387777729E+00 -0.138315729450E-01 -0.481518709983E-03 -0.228879575264E-01 -0.595431157536E+00 -0.112832806883E-01 -0.197300150169E-03 -0.322199998076E-04  0.240412826704E-01  0.208399432973E-02  0.733708876119E-04 -0.675198480199E+00 -0.257581742954E-01  0.284052595367E-01  0.604182625229E+00  0.111954904455E-04 -0.397778644910E-02 -0.727355654218E-04  0.573297602145E-05  0.750192275332E-02  0.128451481543E-03 -0.529393900500E-05 -0.219645551295E-02 -0.299857409902E-04  0.244815510629E-05 -0.187663365852E-05  0.156498323609E-06 -0.365633623428E-06  0.736260859478E-06 -0.159137787600E-05  0.143728510436E-01 -0.862883554597E-03  0.143339967794E-01
  0.294663086354E-04  0.570654480261E-02  0.320171012901E-03  0.486251178532E-05  0.746629280856E-04 -0.193005215142E-03 -0.724827405002E-05 -0.542374566349E-05 -0.984707964387E-03 -0.582129249376E-04 -0.105220826477E-05  0.208346430280E-04 -0.586228390875E-02 -0.607473331513E-03 -0.215012861453E-04 -0.122080212808E-02 -0.511258345609E-01 -0.150910833992E-02 -0.198801113873E-04 -0.108976761631E-04  0.833532137635E-03  0.114373814283E-03  0.430784951888E-05 -0.302679245325E-01 -0.152777308213E-02  0.107006174489E-02  0.145765384522E-01  0.323554970051E-06  0.585616068833E-04  0.515580346212E-06  0.156179921073E-06  0.175964074403E-03  0.321159833856E-05 -0.150936994491E-06  0.695414847248E-04  0.142991256066E-05  0.728898944761E-07 -0.489859090928E-07  0.280595736574E-08 -0.127042144339E-07  0.185204779941E-07 -0.391178342904E-07  0.861738151174E-04  0.983324373094E-04  0.317648790388E-03
  0.279876733278E-06  0.519953039851E-04  0.486251178532E-05  0.225054182810E-06  0.321163606079E-05 -0.890470523373E-05 -0.648237133284E-06 -0.390124381945E-07 -0.100695565834E-04 -0.986322767141E-06 -0.437148074515E-07  0.195184605641E-05  0.343956967205E-04 -0.840486268704E-05 -0.415653984233E-06 -0.382648321963E-04 -0.211385250076E-02 -0.802571323983E-04 -0.108040020936E-05 -0.721224808907E-06 -0.229072056705E-04  0.147780103233E-05  0.913205852124E-07  0.464210726327E-04 -0.132831671869E-04  0.125880965001E-03  0.202304446767E-03  0.425905446095E-09  0.966645245656E-05  0.152494196133E-06 -0.108256773090E-09 -0.808007812635E-05 -0.126188172955E-06 -0.267037294762E-09  0.983991543523E-05  0.163360515519E-06  0.131968780363E-08  0.119669874259E-10  0.351833238394E-10  0.166309329343E-09 -0.307497205113E-09  0.786179739146E-09 -0.458892750120E-04 -0.115498123952E-04 -0.596234069403E-05
 -0.348528791523E-05  0.689850777206E-03  0.746629280856E-04  0.321163606079E-05  0.183594573596E-03 -0.204551646547E-03 -0.102369897764E-04  0.656611659885E-06 -0.150562682305E-03 -0.163962025291E-04 -0.657132209532E-06  0.863617760558E-04  0.406746390509E-03 -0.172216845716E-03 -0.704127566126E-05 -0.151587438750E-02 -0.485789734988E-01 -0.113730713975E-02 -0.744790988014E-05 -0.274553013407E-04 -0.402747211649E-03  0.342715308370E-04  0.165039676242E-05  0.274202857153E-02 -0.535044819015E-04  0.176246934161E-02  0.187586777316E-02 -0.215514464888E-07  0.113041121673E-03  0.152212894614E-05 -0.462603146862E-07  0.107573894770E-03  0.210162495924E-05  0.122702787996E-07  0.871167858309E-04  0.154358136399E-05  0.969996990732E-07  0.262679019967E-07 -0.429807904226E-08  0.123529165468E-07 -0.944622434780E-08  0.104450017712E-06 -0.300130061816E-03 -0.213349771622E-03 -0.236961013652E-03
  0.433651173355E-04  0.361855879725E-03 -0.193005215142E-03 -0.890470523373E-05 -0.204551646547E-03  0.106593214520E-02  0.455018937413E-04 -0.758190178729E-05  0.113565016842E-03  0.504661846970E-04  0.219549477293E-05 -0.139206792910E-03 -0.581711910186E-02 -0.736043833416E-04 -0.792788435124E-06  0.175602946691E-02  0.140660488647E+00  0.486223480468E-02  0.517143810093E-04  0.366527202373E-04  0.819512229887E-03 -0.654627183165E-04 -0.358126341460E-05 -0.101586469947E-02  0.565421529327E-06  0.355771077341E-02  0.482544531160E-01  0.314115802565E-06 -0.826612671041E-03 -0.131082401578E-04  0.186576977959E-06  0.781332876384E-03  0.123004190360E-04 -0.168575796612E-06 -0.623411526253E-03 -0.108503461474E-04  0.117099781341E-06 -0.995522253709E-07  0.160315928718E-07  0.968688384863E-08  0.114866567630E-07 -0.293232843949E-07  0.222263213646E-02  0.105670170371E-03  0.169868868171E-02
  0.208113498560E-05  0.826757373879E-04 -0.724827405002E-05 -0.648237133284E-06 -0.102369897764E-04  0.455018937413E-04  0.293905201924E-05 -0.381105732451E-06 -0.565449759868E-05  0.203956107866E-05  0.136434860082E-06 -0.788755612916E-05 -0.455214883328E-03 -0.489558151331E-05  0.485816620051E-07  0.101841296263E-03  0.825599304603E-02  0.354135589661E-03  0.479094588838E-05  0.220240115175E-05  0.893138438724E-04 -0.232337704598E-05 -0.178409199798E-06 -0.737277837074E-03  0.111638581757E-04 -0.186596884010E-03  0.240855018167E-02  0.191533998817E-07 -0.549271980920E-04 -0.895963571785E-06  0.112764046650E-07  0.591163801260E-04  0.954584387753E-06 -0.949583416471E-08 -0.528768054089E-04 -0.864371896145E-06  0.240615743554E-08 -0.498439905880E-08  0.535741079791E-09 -0.586223882704E-09  0.167257075105E-08 -0.438698449997E-08  0.235564831244E-03  0.566411111256E-05  0.861831694789E-04
 -0.318306476457E-05 -0.190523020961E-03 -0.542374566349E-05 -0.390124381945E-07  0.656611659885E-06 -0.758190178729E-05 -0.381105732451E-06  0.609927427202E-06  0.337616115933E-04  0.917872931931E-06  0.544751997360E-08  0.317671463136E-05  0.343430788799E-03  0.238021685607E-04  0.903553261686E-06  0.450998897052E-04  0.114282505688E-02  0.256598524414E-04  0.630048585542E-06 -0.660285670659E-06 -0.552038802672E-04 -0.322975173840E-05 -0.119050585907E-06  0.184503795391E-03  0.899311605920E-06 -0.802386737723E-04 -0.154859006339E-02 -0.199243754132E-07  0.292353388612E-05  0.400822716938E-07 -0.107263466964E-07 -0.980657861813E-05 -0.158477932312E-06  0.982476744219E-08  0.442029449962E-05  0.571939021768E-07 -0.505130110177E-08  0.464188522508E-08 -0.475309361559E-09  0.162357336062E-09 -0.102578531234E-08  0.300886666040E-08  0.105417532616E-05  0.160693287861E-04 -0.337429505858E-04
 -0.168211670997E-03 -0.222809621066E-01 -0.984707964387E-03 -0.100695565834E-04 -0.150562682305E-03  0.113565016842E-03 -0.565449759868E-05  0.337616115933E-04  0.399607935145E-02  0.183628645214E-03  0.234930984843E-05  0.785703711244E-04  0.310230388296E-01  0.241661160658E-02  0.805438268493E-04  0.424863029538E-02  0.146368379022E+00  0.391520030366E-02  0.601688168481E-04 -0.148327106733E-04 -0.634918613911E-02 -0.494942063872E-03 -0.161156455461E-04  0.106506903993E+00  0.419183152984E-02 -0.335587850374E-02 -0.735637724387E-01 -0.161459014320E-05 -0.627085155511E-03 -0.937677506100E-05 -0.772826677067E-06 -0.758518112278E-03 -0.134134837841E-04  0.756159581678E-06  0.148076200811E-04 -0.849089729477E-06 -0.355743678764E-06  0.298604075594E-06 -0.200000148270E-07  0.602874128851E-07 -0.994334256655E-07  0.175079878120E-06 -0.219235706480E-03 -0.723602445916E-03 -0.202139071091E-02
 -0.438143472846E-05 -0.957775371867E-03 -0.582129249376E-04 -0.986322767141E-06 -0.163962025291E-04  0.504661846970E-04  0.203956107866E-05  0.917872931931E-06  0.183628645214E-03  0.118460181329E-04  0.245856884278E-06 -0.444972641371E-05  0.104631558999E-02  0.108652303232E-03  0.369872801590E-05  0.254453533556E-03  0.126444887394E-01  0.417981725384E-03  0.554287339842E-05  0.162959545236E-05 -0.235841385647E-03 -0.274870439456E-04 -0.982510311085E-06  0.487251632535E-02  0.254084496059E-03 -0.841224138673E-04 -0.613941433993E-03 -0.432319911758E-07 -0.909145297169E-04 -0.144084730994E-05 -0.170770985324E-07  0.107826296847E-04  0.126783155598E-06  0.195080617013E-07 -0.363312565507E-04 -0.653494788111E-06 -0.996028420785E-08  0.558571114706E-08 -0.110720049146E-09  0.242266434601E-08 -0.178918785642E-08  0.145800135480E-08  0.131048209095E-03 -0.569940723538E-04 -0.246290571327E-04
 -0.311139985075E-07 -0.991665205656E-05 -0.105220826477E-05 -0.437148074515E-07 -0.657132209532E-06  0.219549477293E-05  0.136434860082E-06  0.544751997360E-08  0.234930984843E-05  0.245856884278E-06  0.986617851352E-08 -0.380939163152E-06 -0.440494784408E-05  0.161561807969E-05  0.746907077228E-07  0.812960044985E-05  0.489391566976E-03  0.186063773920E-04  0.249975868382E-06  0.132890992669E-06  0.210272457055E-05 -0.451813928965E-06 -0.228891588380E-07 -0.302258027722E-05  0.254863690539E-05 -0.155486649924E-04  0.207098907859E-04  0.162867145650E-09 -0.359181656589E-05 -0.589325668130E-07  0.227237115217E-09  0.253944105985E-05  0.410161834374E-07 -0.875558554740E-10 -0.229556297700E-05 -0.385654151127E-07 -0.141759447964E-09 -0.105874779746E-09  0.431197085766E-11 -0.724414886197E-11  0.826747967562E-10 -0.236151253688E-09  0.110803030427E-04  0.108942555340E-05  0.184818461230E-05
 -0.137310209489E-04 -0.340365996832E-03  0.208346430280E-04  0.195184605641E-05  0.863617760558E-04 -0.139206792910E-03 -0.788755612916E-05  0.317671463136E-05  0.785703711244E-04 -0.444972641371E-05 -0.380939163152E-06  0.747329576141E-04  0.294917684641E-02  0.438188812917E-04 -0.994651751803E-07 -0.673957110810E-03 -0.259287701351E-01 -0.739098375540E-03 -0.772709636754E-05 -0.250608604541E-04 -0.109068285686E-02 -0.226482605417E-04 -0.121794715021E-06  0.215878141565E-02 -0.361374868225E-04  0.111029160143E-02 -0.944457400931E-03 -0.273601127593E-07  0.445723748072E-04  0.823879755521E-06 -0.266559901828E-07 -0.528711161732E-04 -0.993789645051E-06  0.136525068220E-07  0.638010717269E-04  0.109430818202E-05  0.331420816095E-07  0.237698888932E-07 -0.198980265593E-08  0.365060412499E-08 -0.818352276654E-08  0.392000553679E-07 -0.197824309338E-03 -0.337850443352E-03 -0.206496703235E-03
 -0.160873928928E-02 -0.172387777729E+00 -0.586228390875E-02  0.343956967205E-04  0.406746390509E-03 -0.581711910186E-02 -0.455214883328E-03  0.343430788799E-03  0.310230388296E-01  0.104631558999E-02 -0.440494784408E-05  0.294917684641E-02  0.399520074258E+00  0.217446896640E-01  0.583881733633E-03  0.179284297324E-01 -0.377939406994E+00 -0.364123405410E-01 -0.752592587872E-03 -0.938599152824E-03 -0.104016311781E+00 -0.526192913664E-02 -0.129362775905E-03  0.987855087233E+00  0.317143996015E-01  0.156121734988E-01 -0.460277216221E+00 -0.195670885312E-04  0.532454799649E-02  0.109552810895E-03 -0.100227860644E-04 -0.147686847591E-01 -0.263345177489E-03  0.939875202874E-05  0.640057199534E-02  0.102956784058E-03 -0.430596667623E-05  0.284508221559E-05 -0.247362174530E-08  0.528870774391E-06 -0.122666055371E-05  0.267093764133E-05 -0.389611785894E-01 -0.369396061486E-01 -0.190543721677E-01
 -0.125030118729E-03 -0.138315729450E-01 -0.607473331513E-03 -0.840486268704E-05 -0.172216845716E-03 -0.736043833416E-04 -0.489558151331E-05  0.238021685607E-04  0.241661160658E-02  0.108652303232E-03  0.161561807969E-05  0.438188812917E-04  0.217446896640E-01  0.184566514580E-02  0.643703459022E-04  0.325949249715E-02  0.695057941478E-01  0.836730323017E-03 -0.180545934206E-05  0.309863371647E-06 -0.385149868685E-02 -0.342800465632E-03 -0.117255289878E-04  0.518105395600E-01  0.243556677303E-02 -0.713607666318E-02 -0.731546036365E-01 -0.121261091198E-05 -0.121205140627E-04  0.126180504077E-05 -0.601470903568E-06 -0.733269209099E-03 -0.131509677553E-04  0.590939344442E-06  0.153654000191E-03  0.212273221702E-05 -0.375776403653E-06  0.178269904000E-06 -0.104571424016E-07  0.165178209946E-07 -0.494714936027E-07  0.856081257621E-07 -0.937731637795E-03 -0.588633848679E-03 -0.141359039634E-02
 -0.520271572789E-05 -0.481518709983E-03 -0.215012861453E-04 -0.415653984233E-06 -0.704127566126E-05 -0.792788435124E-06  0.485816620051E-07  0.903553261686E-06  0.805438268493E-04  0.369872801590E-05  0.746907077228E-07 -0.994651751803E-07  0.583881733633E-03  0.643703459022E-04  0.268721009050E-05  0.125961433384E-03  0.340950293422E-02  0.729796280319E-04  0.111860048943E-05  0.107385038999E-05 -0.314329330287E-04 -0.802828092753E-05 -0.387830545128E-06  0.793842278322E-03  0.469214666098E-04 -0.339685308299E-03 -0.415961467519E-02 -0.335282281753E-07  0.144798653603E-05  0.612894617882E-07 -0.168812066486E-07 -0.227115194316E-04 -0.391012857039E-06  0.166400221024E-07  0.722385742165E-05  0.918539417408E-07 -0.119752654251E-07  0.600410425640E-08 -0.106281782970E-08  0.130754376293E-09 -0.849074843205E-09  0.162048961117E-08 -0.215871686823E-04  0.709850041564E-04 -0.663484701482E-04
 -0.256657360603E-03 -0.228879575264E-01 -0.122080212808E-02 -0.382648321963E-04 -0.151587438750E-02  0.175602946691E-02  0.101841296263E-03  0.450998897052E-04  0.424863029538E-02  0.254453533556E-03  0.812960044985E-05 -0.673957110810E-03  0.179284297324E-01  0.325949249715E-02  0.125961433384E-03  0.221961660526E-01  0.819507264256E+00  0.243077122643E-01  0.309138595767E-03  0.267428815124E-03  0.237897878168E-02 -0.511472556373E-03 -0.244058437705E-04  0.944385809148E-02  0.116092051595E-02 -0.232468845125E-01 -0.589170708992E-01 -0.327991498285E-05 -0.136995276306E-02 -0.250860291396E-04 -0.151139883257E-05  0.896809564728E-03  0.168560628643E-04  0.158363714286E-05 -0.184067611478E-02 -0.331628151914E-04 -0.154257919354E-05  0.213158658702E-06  0.975473984809E-08 -0.261543867901E-07 -0.667800548855E-07 -0.143827099052E-06  0.115446017897E-01  0.171823260165E-02  0.754431580529E-03
 -0.613630317103E-02 -0.595431157536E+00 -0.511258345609E-01 -0.211385250076E-02 -0.485789734988E-01  0.140660488647E+00  0.825599304603E-02  0.114282505688E-02  0.146368379022E+00  0.126444887394E-01  0.489391566976E-03 -0.259287701351E-01 -0.377939406994E+00  0.695057941478E-01  0.340950293422E-02  0.819507264256E+00  0.507426410106E+02  0.201448063821E+01  0.320292101280E-01  0.924323522596E-02  0.179737466018E+00 -0.199132442589E-01 -0.111640512384E-02 -0.258720412482E+01 -0.312144157554E-01 -0.421634686560E+00  0.487661070241E+01  0.249471007151E-04 -0.273570603120E+00 -0.475267423084E-02  0.201699937071E-04  0.251058521472E+00  0.434538861766E-02 -0.137754535159E-04 -0.220480433785E+00 -0.378512596530E-02 -0.915397774989E-05 -0.222314272431E-05 -0.760997782120E-06 -0.221585411811E-05  0.264738525603E-05 -0.165641571561E-04  0.142522886331E+01  0.141175212742E+00  0.136825453764E+00
 -0.128348698404E-03 -0.112832806883E-01 -0.150910833992E-02 -0.802571323983E-04 -0.113730713975E-02  0.486223480468E-02  0.354135589661E-03  0.256598524414E-04  0.391520030366E-02  0.417981725384E-03  0.186063773920E-04 -0.739098375540E-03 -0.364123405410E-01  0.836730323017E-03  0.729796280319E-04  0.243077122643E-01  0.201448063821E+01  0.943865800011E-01  0.167011026818E-02  0.248415257473E-03  0.821905750384E-02 -0.549848978105E-03 -0.361215446523E-04 -0.151832924097E+00 -0.162155207770E-02 -0.207211016912E-01  0.318365133290E+00  0.330545987517E-05 -0.147947280443E-01 -0.252353405658E-03  0.194286487938E-05  0.143622369410E-01  0.243336395899E-03 -0.165998312263E-05 -0.114676143037E-01 -0.190918348679E-03  0.441494873137E-06 -0.244376166820E-06 -0.121408764077E-06 -0.120460724564E-06  0.199990316553E-06 -0.755976585348E-06  0.769040771672E-01  0.865565493604E-02  0.456561716155E-02
 -0.366069236540E-05 -0.197300150169E-03 -0.198801113873E-04 -0.108040020936E-05 -0.744790988014E-05  0.517143810093E-04  0.479094588838E-05  0.630048585542E-06  0.601688168481E-04  0.554287339842E-05  0.249975868382E-06 -0.772709636754E-05 -0.752592587872E-03 -0.180545934206E-05  0.111860048943E-05  0.309138595767E-03  0.320292101280E-01  0.167011026818E-02  0.330546406960E-04  0.326100996277E-05  0.225834292467E-03 -0.301692327897E-06 -0.381897145796E-06 -0.334774092420E-02 -0.692581664014E-04 -0.347452588920E-03  0.330143610009E-02  0.722230777430E-07 -0.251809057480E-03 -0.431507674115E-05  0.397513247652E-07  0.251460501738E-03  0.428305525692E-05 -0.357944459544E-07 -0.190191670169E-03 -0.315247737719E-05  0.144781833511E-07 -0.214853730497E-08 -0.468039762730E-08 -0.219432735988E-08  0.374871995515E-08 -0.119093428085E-07  0.140228011158E-02  0.347601064293E-03 -0.246311809832E-04
  0.121902203449E-05 -0.322199998076E-04 -0.108976761631E-04 -0.721224808907E-06 -0.274553013407E-04  0.366527202373E-04  0.220240115175E-05 -0.660285670659E-06 -0.148327106733E-04  0.162959545236E-05  0.132890992669E-06 -0.250608604541E-04 -0.938599152824E-03  0.309863371647E-06  0.107385038999E-05  0.267428815124E-03  0.924323522596E-02  0.248415257473E-03  0.326100996277E-05  0.101260140029E-04  0.511692016677E-03  0.136566383222E-04  0.879072540770E-07 -0.125066118350E-02 -0.128273962369E-04 -0.508840824475E-03 -0.278297885579E-02 -0.129308654890E-07  0.301434475658E-04  0.453939715381E-06 -0.455316343515E-08  0.845966914908E-05  0.215147460413E-06  0.665875850431E-08 -0.631526276478E-05 -0.141538901753E-06 -0.167975038120E-07 -0.624617816287E-08 -0.398786843209E-09 -0.115779332808E-08  0.232643200072E-08 -0.821108562749E-08  0.207868247608E-04  0.212615665504E-03  0.174686671166E-04
  0.110161793902E-03  0.240412826704E-01  0.833532137635E-03 -0.229072056705E-04 -0.402747211649E-03  0.819512229887E-03  0.893138438724E-04 -0.552038802672E-04 -0.634918613911E-02 -0.235841385647E-03  0.210272457055E-05 -0.109068285686E-02 -0.104016311781E+00 -0.385149868685E-02 -0.314329330287E-04  0.237897878168E-02  0.179737466018E+00  0.821905750384E-02  0.225834292467E-03  0.511692016677E-03  0.458783206732E-01  0.211809201342E-02  0.415200891135E-04 -0.253924464911E+00 -0.856248107950E-02 -0.263497877087E-01 -0.248106511419E+00  0.223897638126E-05  0.495125358162E-02  0.749475760518E-04  0.927783798428E-06  0.123540139326E-02  0.283629197321E-04 -0.102681689417E-05  0.373087038334E-03  0.442050525728E-05  0.202723342084E-06 -0.448196312504E-06 -0.104533084354E-06 -0.129054305661E-06  0.209350641412E-06 -0.246235278848E-06  0.610374193157E-03  0.217410236030E-01 -0.333416977476E-03
  0.919503190226E-05  0.208399432973E-02  0.114373814283E-03  0.147780103233E-05  0.342715308370E-04 -0.654627183165E-04 -0.232337704598E-05 -0.322975173840E-05 -0.494942063872E-03 -0.274870439456E-04 -0.451813928965E-06 -0.226482605417E-04 -0.526192913664E-02 -0.342800465632E-03 -0.802828092753E-05 -0.511472556373E-03 -0.199132442589E-01 -0.549848978105E-03 -0.301692327897E-06  0.136566383222E-04  0.211809201342E-02  0.138194412013E-03  0.364187840411E-05 -0.133103972664E-01 -0.643527858836E-03  0.156074492395E-03 -0.918956294554E-02  0.136909676619E-06  0.459915707859E-03  0.716687617727E-05  0.487260140034E-07 -0.479467594291E-04 -0.375518693395E-06 -0.639687462837E-07  0.127787272113E-03  0.206958839201E-05  0.400146818789E-07 -0.171781185258E-07 -0.534004331211E-08 -0.468046186718E-08  0.531664850557E-08  0.788186240468E-08 -0.548875608339E-03  0.100820838250E-02 -0.639956573344E-04
  0.505122531719E-06  0.733708876119E-04  0.430784951888E-05  0.913205852124E-07  0.165039676242E-05 -0.358126341460E-05 -0.178409199798E-06 -0.119050585907E-06 -0.161156455461E-04 -0.982510311085E-06 -0.228891588380E-07 -0.121794715021E-06 -0.129362775905E-03 -0.117255289878E-04 -0.387830545128E-06 -0.244058437705E-04 -0.111640512384E-02 -0.361215446523E-04 -0.381897145796E-06  0.879072540770E-07  0.415200891135E-04  0.364187840411E-05  0.120114789800E-06 -0.233198161712E-03 -0.139668465480E-04  0.269281919548E-04  0.370804809980E-04  0.321070986956E-08  0.145938550544E-04  0.230719519257E-06  0.103904653951E-08 -0.344830705345E-05 -0.487514580706E-07 -0.152579944105E-08  0.456312194316E-05  0.776906699706E-07  0.126790272030E-08 -0.402529338331E-09 -0.251933787344E-10 -0.763628262995E-10 -0.156586842044E-11  0.480096921901E-09 -0.240910092989E-04  0.121801793890E-04  0.746133300480E-06
 -0.460358967209E-03 -0.675198480199E+00 -0.302679245325E-01  0.464210726327E-04  0.274202857153E-02 -0.101586469947E-02 -0.737277837074E-03  0.184503795391E-03  0.106506903993E+00  0.487251632535E-02 -0.302258027722E-05  0.215878141565E-02  0.987855087233E+00  0.518105395600E-01  0.793842278322E-03  0.944385809148E-02 -0.258720412482E+01 -0.151832924097E+00 -0.334774092420E-02 -0.125066118350E-02 -0.253924464911E+00 -0.133103972664E-01 -0.233198161712E-03  0.756626195652E+01  0.287897355571E+00  0.133877009460E+00  0.109248460121E+01 -0.822422857313E-04  0.476307498326E-01  0.861584267997E-03 -0.420666663487E-04 -0.541200837952E-01 -0.964314105055E-03  0.378633379853E-04  0.181156416292E-01  0.316321827432E-03 -0.118264795658E-04  0.837594258383E-05  0.928395694752E-06  0.412475854019E-05 -0.699451331542E-05  0.150801892642E-04 -0.236729335614E+00 -0.194940801630E+00 -0.201513940680E-01
  0.139275979037E-04 -0.257581742954E-01 -0.152777308213E-02 -0.132831671869E-04 -0.535044819015E-04  0.565421529327E-06  0.111638581757E-04  0.899311605920E-06  0.419183152984E-02  0.254084496059E-03  0.254863690539E-05 -0.361374868225E-04  0.317143996015E-01  0.243556677303E-02  0.469214666098E-04  0.116092051595E-02 -0.312144157554E-01 -0.162155207770E-02 -0.692581664014E-04 -0.128273962369E-04 -0.856248107950E-02 -0.643527858836E-03 -0.139668465480E-04  0.287897355571E+00  0.155716048393E-01 -0.101630354812E-01  0.553556265529E-01 -0.226869123210E-05  0.869978641587E-03  0.177700192392E-04 -0.111371351545E-05 -0.169198051097E-02 -0.311081469239E-04  0.106351881669E-05 -0.285122925674E-03 -0.284856416307E-05 -0.483860928717E-06  0.242663761410E-06  0.496712898793E-07  0.850705111783E-07 -0.143502951958E-06  0.312481171438E-06 -0.481226329735E-02 -0.936011408203E-02 -0.546490306148E-03
  0.542643392286E-03  0.284052595367E-01  0.107006174489E-02  0.125880965001E-03  0.176246934161E-02  0.355771077341E-02 -0.186596884010E-03 -0.802386737723E-04 -0.335587850374E-02 -0.841224138673E-04 -0.155486649924E-04  0.111029160143E-02  0.156121734988E-01 -0.713607666318E-02 -0.339685308299E-03 -0.232468845125E-01 -0.421634686560E+00 -0.207211016912E-01 -0.347452588920E-03 -0.508840824475E-03 -0.263497877087E-01  0.156074492395E-03  0.269281919548E-04  0.133877009460E+00 -0.101630354812E-01  0.223662144655E+00  0.712998536917E+00  0.676227930349E-05  0.117231638088E-02  0.995615071424E-05  0.335519136992E-05 -0.192110983713E-02 -0.219116887400E-04 -0.356805275966E-05  0.369423889745E-02  0.486823233429E-04  0.411282265841E-05 -0.876943060362E-06  0.171377684684E-06  0.359324295739E-06 -0.167154572379E-06  0.632472217075E-06 -0.278782697322E-01 -0.115100541751E-01  0.817480765088E-02
  0.102161817029E-01  0.604182625229E+00  0.145765384522E-01  0.202304446767E-03  0.187586777316E-02  0.482544531160E-01  0.240855018167E-02 -0.154859006339E-02 -0.735637724387E-01 -0.613941433993E-03  0.207098907859E-04 -0.944457400931E-03 -0.460277216221E+00 -0.731546036365E-01 -0.415961467519E-02 -0.589170708992E-01  0.487661070241E+01  0.318365133290E+00  0.330143610009E-02 -0.278297885579E-02 -0.248106511419E+00 -0.918956294554E-02  0.370804809980E-04  0.109248460121E+01  0.553556265529E-01  0.712998536917E+00  0.133215256292E+02  0.454672826327E-04 -0.112683718441E+00 -0.186240541957E-02  0.260870971536E-04  0.116249765399E+00  0.187438775750E-02 -0.236471852189E-04 -0.890832153489E-01 -0.140167738874E-02  0.174157493249E-04 -0.128494781740E-04  0.353511095070E-05  0.578134657332E-06  0.678907772158E-06 -0.378566610270E-05  0.410698311020E+00 -0.369879741595E+00  0.213478049145E+00
  0.114317019861E-06  0.111954904455E-04  0.323554970051E-06  0.425905446095E-09 -0.215514464888E-07  0.314115802565E-06  0.191533998817E-07 -0.199243754132E-07 -0.161459014320E-05 -0.432319911758E-07  0.162867145650E-09 -0.273601127593E-07 -0.195670885312E-04 -0.121261091198E-05 -0.335282281753E-07 -0.327991498285E-05  0.249471007151E-04  0.330545987517E-05  0.722230777430E-07 -0.129308654890E-07  0.223897638126E-05  0.136909676619E-06  0.321070986956E-08 -0.822422857313E-04 -0.226869123210E-05  0.676227930349E-05  0.454672826327E-04  0.666812919257E-08 -0.161135530646E-05 -0.285375321299E-07  0.215541517793E-08  0.458230353103E-06  0.953210881748E-08 -0.191770771674E-08 -0.673059151981E-06 -0.116113480545E-07  0.782131591550E-09 -0.310949696390E-09  0.448919265705E-11 -0.130476586310E-09  0.177077132121E-09 -0.846884099658E-09  0.463298394155E-05  0.104820806821E-05  0.987636257376E-06
 -0.621908871620E-04 -0.397778644910E-02  0.585616068833E-04  0.966645245656E-05  0.113041121673E-03 -0.826612671041E-03 -0.549271980920E-04  0.292353388612E-05 -0.627085155511E-03 -0.909145297169E-04 -0.359181656589E-05  0.445723748072E-04  0.532454799649E-02 -0.121205140627E-04  0.144798653603E-05 -0.136995276306E-02 -0.273570603120E+00 -0.147947280443E-01 -0.251809057480E-03  0.301434475658E-04  0.495125358162E-02  0.459915707859E-03  0.145938550544E-04  0.476307498326E-01  0.869978641587E-03  0.117231638088E-02 -0.112683718441E+00 -0.161135530646E-05  0.428626677983E-01  0.701197443558E-03 -0.439839779280E-05 -0.472746705278E-02 -0.772931735275E-04  0.805965799462E-06  0.244128369317E-02  0.394577904748E-04 -0.341328262915E-06  0.150292368680E-06  0.832722414879E-08  0.288836521007E-08 -0.151285068536E-06  0.382096242154E-05 -0.181685736096E-01  0.112556541281E-02 -0.161592551603E-02
 -0.979310069358E-06 -0.727355654218E-04  0.515580346212E-06  0.152494196133E-06  0.152212894614E-05 -0.131082401578E-04 -0.895963571785E-06  0.400822716938E-07 -0.937677506100E-05 -0.144084730994E-05 -0.589325668130E-07  0.823879755521E-06  0.109552810895E-03  0.126180504077E-05  0.612894617882E-07 -0.250860291396E-04 -0.475267423084E-02 -0.252353405658E-03 -0.431507674115E-05  0.453939715381E-06  0.749475760518E-04  0.716687617727E-05  0.230719519257E-06  0.861584267997E-03  0.177700192392E-04  0.995615071424E-05 -0.186240541957E-02 -0.285375321299E-07  0.701197443558E-03  0.115231782947E-04 -0.735265858556E-07 -0.786068979031E-04 -0.130689817192E-05  0.142487217765E-07  0.405602895807E-04  0.660077708377E-06 -0.606274067338E-08  0.231600893640E-08  0.116840893903E-09  0.956857220863E-10 -0.259454763186E-08  0.633273161594E-07 -0.301339265337E-03  0.179803529395E-04 -0.266395056347E-04
  0.632393186823E-07  0.573297602145E-05  0.156179921073E-06 -0.108256773090E-09 -0.462603146862E-07  0.186576977959E-06  0.112764046650E-07 -0.107263466964E-07 -0.772826677067E-06 -0.170770985324E-07  0.227237115217E-09 -0.266559901828E-07 -0.100227860644E-04 -0.601470903568E-06 -0.168812066486E-07 -0.151139883257E-05  0.201699937071E-04  0.194286487938E-05  0.397513247652E-07 -0.455316343515E-08  0.927783798428E-06  0.487260140034E-07  0.103904653951E-08 -0.420666663487E-04 -0.111371351545E-05  0.335519136992E-05  0.260870971536E-04  0.215541517793E-08 -0.439839779280E-05 -0.735265858556E-07  0.185530301735E-08  0.263334286554E-06  0.534981165483E-08 -0.105071478623E-08 -0.383794575927E-06 -0.657873446811E-08  0.398801579873E-09 -0.185280800848E-09  0.360614732580E-11 -0.619839548262E-10  0.106714402471E-09 -0.116604650288E-08  0.256244442286E-05  0.469635164069E-06  0.558722228204E-06
  0.577721938797E-04  0.750192275332E-02  0.175964074403E-03 -0.808007812635E-05  0.107573894770E-03  0.781332876384E-03  0.591163801260E-04 -0.980657861813E-05 -0.758518112278E-03  0.107826296847E-04  0.253944105985E-05 -0.528711161732E-04 -0.147686847591E-01 -0.733269209099E-03 -0.227115194316E-04  0.896809564728E-03  0.251058521472E+00  0.143622369410E-01  0.251460501738E-03  0.845966914908E-05  0.123540139326E-02 -0.479467594291E-04 -0.344830705345E-05 -0.541200837952E-01 -0.169198051097E-02 -0.192110983713E-02  0.116249765399E+00  0.458230353103E-06 -0.472746705278E-02 -0.786068979031E-04  0.263334286554E-06  0.514137122269E-01  0.839629252705E-03 -0.304949695059E-05 -0.234046445919E-02 -0.376496560180E-04  0.267282832560E-06 -0.140349730845E-05 -0.115286787850E-07  0.285100014095E-05  0.289536431802E-05  0.635485363759E-07  0.174301431475E-01 -0.257442077095E-03  0.200922197332E-02
  0.903084851605E-06  0.128451481543E-03  0.321159833856E-05 -0.126188172955E-06  0.210162495924E-05  0.123004190360E-04  0.954584387753E-06 -0.158477932312E-06 -0.134134837841E-04  0.126783155598E-06  0.410161834374E-07 -0.993789645051E-06 -0.263345177489E-03 -0.131509677553E-04 -0.391012857039E-06  0.168560628643E-04  0.434538861766E-02  0.243336395899E-03  0.428305525692E-05  0.215147460413E-06  0.283629197321E-04 -0.375518693395E-06 -0.487514580706E-07 -0.964314105055E-03 -0.311081469239E-04 -0.219116887400E-04  0.187438775750E-02  0.953210881748E-08 -0.772931735275E-04 -0.130689817192E-05  0.534981165483E-08  0.839629252705E-03  0.137895717351E-04 -0.509720323772E-07 -0.385170705359E-04 -0.624255866792E-06  0.486518753956E-08 -0.302393081676E-07 -0.183777179541E-09  0.466885660568E-07  0.475620744356E-07  0.740318263622E-09  0.287238640419E-03 -0.215093258363E-05  0.323450111630E-04
 -0.566956153929E-07 -0.529393900500E-05 -0.150936994491E-06 -0.267037294762E-09  0.122702787996E-07 -0.168575796612E-06 -0.949583416471E-08  0.982476744219E-08  0.756159581678E-06  0.195080617013E-07 -0.875558554740E-10  0.136525068220E-07  0.939875202874E-05  0.590939344442E-06  0.166400221024E-07  0.158363714286E-05 -0.137754535159E-04 -0.165998312263E-05 -0.357944459544E-07  0.665875850431E-08 -0.102681689417E-05 -0.639687462837E-07 -0.152579944105E-08  0.378633379853E-04  0.106351881669E-05 -0.356805275966E-05 -0.236471852189E-04 -0.191770771674E-08  0.805965799462E-06  0.142487217765E-07 -0.105071478623E-08 -0.304949695059E-05 -0.509720323772E-07  0.150465149809E-08  0.330354441457E-06  0.571325190070E-08 -0.383403216908E-09 -0.140791087106E-09 -0.253429968306E-11 -0.516711896896E-09 -0.658242654694E-09  0.414280588423E-09 -0.223295688604E-05 -0.479512036021E-06 -0.502261754110E-06
 -0.341110260621E-04 -0.219645551295E-02  0.695414847248E-04  0.983991543523E-05  0.871167858309E-04 -0.623411526253E-03 -0.528768054089E-04  0.442029449962E-05  0.148076200811E-04 -0.363312565507E-04 -0.229556297700E-05  0.638010717269E-04  0.640057199534E-02  0.153654000191E-03  0.722385742165E-05 -0.184067611478E-02 -0.220480433785E+00 -0.114676143037E-01 -0.190191670169E-03 -0.631526276478E-05  0.373087038334E-03  0.127787272113E-03  0.456312194316E-05  0.181156416292E-01 -0.285122925674E-03  0.369423889745E-02 -0.890832153489E-01 -0.673059151981E-06  0.244128369317E-02  0.405602895807E-04 -0.383794575927E-06 -0.234046445919E-02 -0.385170705359E-04  0.330354441457E-06  0.191312538036E+00  0.317492841515E-02 -0.199532585080E-04  0.843200621390E-07  0.421703989862E-05  0.222956759718E-07 -0.401269538217E-07  0.130906609166E-06 -0.113539887672E-01  0.139085861234E-02 -0.152770446450E-02
 -0.466978613604E-06 -0.299857409902E-04  0.142991256066E-05  0.163360515519E-06  0.154358136399E-05 -0.108503461474E-04 -0.864371896145E-06  0.571939021768E-07 -0.849089729477E-06 -0.653494788111E-06 -0.385654151127E-07  0.109430818202E-05  0.102956784058E-03  0.212273221702E-05  0.918539417408E-07 -0.331628151914E-04 -0.378512596530E-02 -0.190918348679E-03 -0.315247737719E-05 -0.141538901753E-06  0.442050525728E-05  0.206958839201E-05  0.776906699706E-07  0.316321827432E-03 -0.284856416307E-05  0.486823233429E-04 -0.140167738874E-02 -0.116113480545E-07  0.394577904748E-04  0.660077708377E-06 -0.657873446811E-08 -0.376496560180E-04 -0.624255866792E-06  0.571325190070E-08  0.317492841515E-02  0.529104254143E-04 -0.344253107508E-06  0.132441130827E-08  0.100922813632E-06  0.357547807855E-09 -0.659068136830E-09  0.215232949896E-08 -0.183744950764E-03  0.202256893350E-04 -0.246545492423E-04
  0.292799062256E-07  0.244815510629E-05  0.728898944761E-07  0.131968780363E-08  0.969996990732E-07  0.117099781341E-06  0.240615743554E-08 -0.505130110177E-08 -0.355743678764E-06 -0.996028420785E-08 -0.141759447964E-09  0.331420816095E-07 -0.430596667623E-05 -0.375776403653E-06 -0.119752654251E-07 -0.154257919354E-05 -0.915397774989E-05  0.441494873137E-06  0.144781833511E-07 -0.167975038120E-07  0.202723342084E-06  0.400146818789E-07  0.126790272030E-08 -0.118264795658E-04 -0.483860928717E-06  0.411282265841E-05  0.174157493249E-04  0.782131591550E-09 -0.341328262915E-06 -0.606274067338E-08  0.398801579873E-09  0.267282832560E-06  0.486518753956E-08 -0.383403216908E-09 -0.199532585080E-04 -0.344253107508E-06  0.524518470043E-08 -0.534318504445E-10 -0.441701064906E-08 -0.575149373869E-11  0.247810361244E-10 -0.591772540162E-10  0.811783358557E-06  0.146202932057E-06  0.273844477946E-06
 -0.234472820132E-07 -0.187663365852E-05 -0.489859090928E-07  0.119669874259E-10  0.262679019967E-07 -0.995522253709E-07 -0.498439905880E-08  0.464188522508E-08  0.298604075594E-06  0.558571114706E-08 -0.105874779746E-09  0.237698888932E-07  0.284508221559E-05  0.178269904000E-06  0.600410425640E-08  0.213158658702E-06 -0.222314272431E-05 -0.244376166820E-06 -0.214853730497E-08 -0.624617816287E-08 -0.448196312504E-06 -0.171781185258E-07 -0.402529338331E-09  0.837594258383E-05  0.242663761410E-06 -0.876943060362E-06 -0.128494781740E-04 -0.310949696390E-09  0.150292368680E-06  0.231600893640E-08 -0.185280800848E-09 -0.140349730845E-05 -0.302393081676E-07 -0.140791087106E-09  0.843200621390E-07  0.132441130827E-08 -0.534318504445E-10  0.505188212016E-08 -0.312185107671E-11  0.300991719406E-09  0.274099904060E-09  0.864659737126E-10 -0.364783177175E-06 -0.972360556179E-07 -0.316511618951E-06
  0.319802859848E-08  0.156498323609E-06  0.280595736574E-08  0.351833238394E-10 -0.429807904226E-08  0.160315928718E-07  0.535741079791E-09 -0.475309361559E-09 -0.200000148270E-07 -0.110720049146E-09  0.431197085766E-11 -0.198980265593E-08 -0.247362174530E-08 -0.104571424016E-07 -0.106281782970E-08  0.975473984809E-08 -0.760997782120E-06 -0.121408764077E-06 -0.468039762730E-08 -0.398786843209E-09 -0.104533084354E-06 -0.534004331211E-08 -0.251933787344E-10  0.928395694752E-06  0.496712898793E-07  0.171377684684E-06  0.353511095070E-05  0.448919265705E-11  0.832722414879E-08  0.116840893903E-09  0.360614732580E-11 -0.115286787850E-07 -0.183777179541E-09 -0.253429968306E-11  0.421703989862E-05  0.100922813632E-06 -0.441701064906E-08 -0.312185107671E-11  0.138138259515E-07 -0.489695670702E-13 -0.526666717163E-13 -0.232265971790E-11 -0.996948604435E-07 -0.228115979668E-06  0.965851193401E-07
 -0.814737641076E-09 -0.365633623428E-06 -0.127042144339E-07  0.166309329343E-09  0.123529165468E-07  0.968688384863E-08 -0.586223882704E-09  0.162357336062E-09  0.602874128851E-07  0.242266434601E-08 -0.724414886197E-11  0.365060412499E-08  0.528870774391E-06  0.165178209946E-07  0.130754376293E-09 -0.261543867901E-07 -0.221585411811E-05 -0.120460724564E-06 -0.219432735988E-08 -0.115779332808E-08 -0.129054305661E-06 -0.468046186718E-08 -0.763628262995E-10  0.412475854019E-05  0.850705111783E-07  0.359324295739E-06  0.578134657332E-06 -0.130476586310E-09  0.288836521007E-08  0.956857220863E-10 -0.619839548262E-10  0.285100014095E-05  0.466885660568E-07 -0.516711896896E-09  0.222956759718E-07  0.357547807855E-09 -0.575149373869E-11  0.300991719406E-09 -0.489695670702E-13  0.365628072431E-08  0.570221722284E-09  0.351100670418E-10 -0.186393604386E-06 -0.463460629402E-07 -0.422675398100E-08
  0.526176390378E-08  0.736260859478E-06  0.185204779941E-07 -0.307497205113E-09 -0.944622434780E-08  0.114866567630E-07  0.167257075105E-08 -0.102578531234E-08 -0.994334256655E-07 -0.178918785642E-08  0.826747967562E-10 -0.818352276654E-08 -0.122666055371E-05 -0.494714936027E-07 -0.849074843205E-09 -0.667800548855E-07  0.264738525603E-05  0.199990316553E-06  0.374871995515E-08  0.232643200072E-08  0.209350641412E-06  0.531664850557E-08 -0.156586842044E-11 -0.699451331542E-05 -0.143502951958E-06 -0.167154572379E-06  0.678907772158E-06  0.177077132121E-09 -0.151285068536E-06 -0.259454763186E-08  0.106714402471E-09  0.289536431802E-05  0.475620744356E-07 -0.658242654694E-09 -0.401269538217E-07 -0.659068136830E-09  0.247810361244E-10  0.274099904060E-09 -0.526666717163E-13  0.570221722284E-09  0.673106019256E-08 -0.532190698724E-10  0.289803451827E-06  0.116429960354E-06  0.447577283042E-07
 -0.189247840505E-07 -0.159137787600E-05 -0.391178342904E-07  0.786179739146E-09  0.104450017712E-06 -0.293232843949E-07 -0.438698449997E-08  0.300886666040E-08  0.175079878120E-06  0.145800135480E-08 -0.236151253688E-09  0.392000553679E-07  0.267093764133E-05  0.856081257621E-07  0.162048961117E-08 -0.143827099052E-06 -0.165641571561E-04 -0.755976585348E-06 -0.119093428085E-07 -0.821108562749E-08 -0.246235278848E-06  0.788186240468E-08  0.480096921901E-09  0.150801892642E-04  0.312481171438E-06  0.632472217075E-06 -0.378566610270E-05 -0.846884099658E-09  0.382096242154E-05  0.633273161594E-07 -0.116604650288E-08  0.635485363759E-07  0.740318263622E-09  0.414280588423E-09  0.130906609166E-06  0.215232949896E-08 -0.591772540162E-10  0.864659737126E-10 -0.232265971790E-11  0.351100670418E-10 -0.532190698724E-10  0.527530501562E-08 -0.878532796477E-06 -0.157364753350E-06 -0.135411184810E-06
  0.382402519187E-04  0.143728510436E-01  0.861738151174E-04 -0.458892750120E-04 -0.300130061816E-03  0.222263213646E-02  0.235564831244E-03  0.105417532616E-05 -0.219235706480E-03  0.131048209095E-03  0.110803030427E-04 -0.197824309338E-03 -0.389611785894E-01 -0.937731637795E-03 -0.215871686823E-04  0.115446017897E-01  0.142522886331E+01  0.769040771672E-01  0.140228011158E-02  0.207868247608E-04  0.610374193157E-03 -0.548875608339E-03 -0.240910092989E-04 -0.236729335614E+00 -0.481226329735E-02 -0.278782697322E-01  0.410698311020E+00  0.463298394155E-05 -0.181685736096E-01 -0.301339265337E-03  0.256244442286E-05  0.174301431475E-01  0.287238640419E-03 -0.223295688604E-05 -0.113539887672E-01 -0.183744950764E-03  0.811783358557E-06 -0.364783177175E-06 -0.996948604435E-07 -0.186393604386E-06  0.289803451827E-06 -0.878532796477E-06  0.884303663634E-01 -0.653530988507E-03  0.376423539111E-02
 -0.174664040399E-03 -0.862883554597E-03  0.983324373094E-04 -0.115498123952E-04 -0.213349771622E-03  0.105670170371E-03  0.566411111256E-05  0.160693287861E-04 -0.723602445916E-03 -0.569940723538E-04  0.108942555340E-05 -0.337850443352E-03 -0.369396061486E-01 -0.588633848679E-03  0.709850041564E-04  0.171823260165E-02  0.141175212742E+00  0.865565493604E-02  0.347601064293E-03  0.212615665504E-03  0.217410236030E-01  0.100820838250E-02  0.121801793890E-04 -0.194940801630E+00 -0.936011408203E-02 -0.115100541751E-01 -0.369879741595E+00  0.104820806821E-05  0.112556541281E-02  0.179803529395E-04  0.469635164069E-06 -0.257442077095E-03 -0.215093258363E-05 -0.479512036021E-06  0.139085861234E-02  0.202256893350E-04  0.146202932057E-06 -0.972360556179E-07 -0.228115979668E-06 -0.463460629402E-07  0.116429960354E-06 -0.157364753350E-06 -0.653530988507E-03  0.326014631429E-01 -0.717330898579E-02
