

 Numbers of non-zero-weighted points of each type

 {delta}Hdil =   73
 EMF =  169
 Cp =   74
 Isopiestic =  263
 Alpha =   44


 SQ OSM  = 0.2409E+02   SQ ALPHA = 0.2311E+01   SQ EMF = 0.1662E+02
 SQ HDIL = 0.7123E+01   SQ PHICP = 0.5291E+01


  Covariance Matrix:

  0.155417042016E-04  0.831037642626E-03  0.207566756420E-04  0.123135056485E-07 -0.743681488974E-05  0.427219902146E-04  0.212965074027E-05 -0.282005086260E-05 -0.139522408801E-03 -0.314510943240E-05  0.116042223404E-07 -0.147804287918E-04 -0.140930196343E-02 -0.101163912955E-03 -0.429012667478E-05 -0.170516321321E-03 -0.389160335156E-02 -0.787527319399E-04 -0.240540898601E-05  0.205986308141E-05  0.126805267026E-03  0.765803846257E-05  0.415037261459E-06  0.435595787813E-04  0.382125105143E-04  0.301463856067E-03  0.953596827217E-02  0.859236694740E-07 -0.409030405740E-04 -0.633488339617E-06  0.488030073440E-07  0.385148131041E-04  0.599231693438E-06 -0.428783170087E-07 -0.248867764614E-04 -0.337487912952E-06  0.203753381356E-07 -0.228630060701E-07  0.268580130113E-08 -0.448173130517E-09  0.421192516347E-08 -0.164410829684E-07 -0.114440850054E-04 -0.153840871209E-03  0.173541565430E-03
  0.831037642626E-03  0.114962613379E+00  0.488286682191E-02  0.381862651670E-04  0.470827035549E-03  0.194721760395E-03  0.553942657737E-04 -0.157844001466E-03 -0.194050944971E-01 -0.844330495327E-03 -0.789023860971E-05 -0.331109844747E-03 -0.146928788504E+00 -0.115878975456E-01 -0.398238533392E-03 -0.176375072193E-01 -0.505736312958E+00 -0.122687979108E-01 -0.206399982093E-03  0.144650410142E-04  0.240964644945E-01  0.197804442606E-02  0.675302642872E-04 -0.609603258986E+00 -0.237984386239E-01  0.201667960358E-01  0.511853910428E+00  0.903967591490E-05 -0.173417102250E-02 -0.361529200062E-04  0.462194602803E-05  0.516550633642E-02  0.912025718368E-04 -0.425862126152E-05 -0.978865097428E-03 -0.122712053575E-04  0.188375148047E-05 -0.174733504151E-05  0.128101703457E-06 -0.316232084848E-06  0.624672097944E-06 -0.132996153955E-05  0.754222807193E-02 -0.502971381870E-03  0.114280048100E-01
  0.207566756420E-04  0.488286682191E-02  0.292517117977E-03  0.485134369837E-05  0.710004500536E-04 -0.219971024923E-03 -0.102857700976E-04 -0.399931088161E-05 -0.871741647892E-03 -0.552410386832E-04 -0.109311325344E-05  0.243330489945E-04 -0.470049026634E-02 -0.529538208525E-03 -0.186379705686E-04 -0.110895532659E-02 -0.548227880694E-01 -0.191149039240E-02 -0.274500036747E-04 -0.100530203336E-04  0.803891183074E-03  0.114735892544E-03  0.430406674429E-05 -0.273479123366E-01 -0.148881360774E-02  0.117119093222E-02  0.867543070676E-02  0.236733352883E-06  0.186635304539E-03  0.261824334300E-05  0.111205293271E-06  0.251969044325E-04  0.780215044267E-06 -0.109770894907E-06  0.154169834206E-03  0.271982217762E-05  0.530607876998E-07 -0.388389126075E-07  0.236660068030E-08 -0.100984926556E-07  0.129676233287E-07 -0.269428698385E-07 -0.392078384990E-03  0.871968672515E-04  0.172985802528E-03
  0.123135056485E-07  0.381862651670E-04  0.485134369837E-05  0.245346455703E-06  0.342861434933E-05 -0.102731614882E-04 -0.776064633864E-06  0.481189782390E-08 -0.833632258772E-05 -0.104465458294E-05 -0.502902049876E-07  0.216092260156E-05  0.513660972268E-04 -0.776371014275E-05 -0.368633582023E-06 -0.402466857428E-04 -0.243146046568E-02 -0.993393367574E-04 -0.139509853767E-05 -0.739800972406E-06 -0.223167674163E-04  0.170260063114E-05  0.960347415250E-07  0.207638125632E-04 -0.189993004795E-04  0.139724698843E-03 -0.983918293834E-04 -0.695900550925E-09  0.139312515144E-04  0.221936236229E-06 -0.746172575703E-09 -0.130769283241E-04 -0.206436991547E-06  0.258788671824E-09  0.131832598454E-04  0.215083710014E-06  0.118675962868E-08  0.474272341352E-09 -0.969302515407E-11  0.212156907826E-09 -0.409210427173E-09  0.104535926382E-08 -0.634630979246E-04 -0.437069764370E-05 -0.112003859281E-04
 -0.743681488974E-05  0.470827035549E-03  0.710004500536E-04  0.342861434933E-05  0.193772731735E-03 -0.218439043778E-03 -0.120223577395E-04  0.122457636005E-05 -0.127081369974E-03 -0.169485282133E-04 -0.741654224132E-06  0.906734909690E-04  0.584024277808E-03 -0.161062008563E-03 -0.610234079945E-05 -0.164557775739E-02 -0.568493001663E-01 -0.153081540763E-02 -0.139787904779E-04 -0.279756206059E-04 -0.371806101551E-03  0.377959657286E-04  0.167969271676E-05  0.234990182032E-02 -0.139431179780E-03  0.200422394299E-02 -0.328500873642E-02 -0.391375416110E-07  0.189353650840E-03  0.277689946683E-05 -0.572135664344E-07  0.320983904816E-04  0.880877417032E-06  0.201757450531E-07  0.142932862624E-03  0.242650668926E-05  0.992752687324E-07  0.343013678158E-07 -0.510429524792E-08  0.135697859380E-07 -0.117884566290E-07  0.111599202456E-06 -0.607587674134E-03 -0.125861850959E-03 -0.316834356742E-03
  0.427219902146E-04  0.194721760395E-03 -0.219971024923E-03 -0.102731614882E-04 -0.218439043778E-03  0.115796508768E-02  0.507122326396E-04 -0.737401220225E-05  0.174689345674E-03  0.579508808238E-04  0.253982324480E-05 -0.142792942059E-03 -0.586961938713E-02 -0.141335123954E-04  0.207475778330E-05  0.208832562724E-02  0.170916019745E+00  0.632570070776E-02  0.833826889223E-04  0.377508635937E-04  0.770309015387E-03 -0.877934700523E-04 -0.465126388496E-05 -0.304125384521E-02 -0.537214888374E-05  0.306345938182E-02  0.541019432676E-01  0.353977942892E-06 -0.958338654539E-03 -0.153546224475E-04  0.207839143873E-06  0.949481812292E-03  0.151245881208E-04 -0.187347512116E-06 -0.720933174677E-03 -0.125439589205E-04  0.128571322785E-06 -0.117330184658E-06  0.105324565726E-07  0.851982845523E-08  0.149152631033E-07 -0.340861203995E-07  0.284063302188E-02  0.513111052705E-03  0.172476687980E-02
  0.212965074027E-05  0.553942657737E-04 -0.102857700976E-04 -0.776064633864E-06 -0.120223577395E-04  0.507122326396E-04  0.337013222651E-05 -0.383669765278E-06  0.139125784839E-06  0.271221011318E-05  0.167406234261E-06 -0.853779881060E-05 -0.426274776296E-03  0.190462529251E-05  0.281825991271E-06  0.133618922556E-03  0.102627889124E-01  0.448910973834E-03  0.666791357279E-05  0.241657456679E-05  0.851521840723E-04 -0.396482969136E-05 -0.245170651202E-06 -0.563693906699E-03  0.317241495629E-04 -0.268086314697E-03  0.299825452008E-02  0.169616200277E-07 -0.643077623999E-04 -0.105004033136E-05  0.103554245119E-07  0.699947268630E-04  0.113199591084E-05 -0.836825284004E-08 -0.610765341987E-04 -0.998654121496E-06  0.112230108474E-08 -0.599915628824E-08  0.345354695946E-09 -0.655725088474E-09  0.176481755093E-08 -0.466080648801E-08  0.282275166762E-03  0.700563080252E-05  0.908511052989E-04
 -0.282005086260E-05 -0.157844001466E-03 -0.399931088161E-05  0.481189782390E-08  0.122457636005E-05 -0.737401220225E-05 -0.383669765278E-06  0.551933615797E-06  0.291340243164E-04  0.716967789340E-06 -0.154109286648E-08  0.333887609566E-05  0.312513113178E-03  0.200636658820E-04  0.761960203599E-06  0.322751197450E-04  0.833568541605E-03  0.198218716249E-04  0.474989884609E-06 -0.793148651940E-06 -0.582451773103E-04 -0.302241763202E-05 -0.106433135732E-06  0.987880130785E-04 -0.336002421303E-05 -0.412413315220E-04 -0.143219722182E-02 -0.153984354251E-07 -0.106479697919E-05 -0.249114929440E-07 -0.839694343036E-08 -0.641428384808E-05 -0.104660098252E-06  0.761778144378E-08  0.287739537081E-05  0.351705973935E-07 -0.365608197286E-08  0.449535685013E-08 -0.402585120864E-09  0.105518332108E-09 -0.850928746426E-09  0.256848272610E-08  0.976630149422E-05  0.139053475229E-04 -0.286817014856E-04
 -0.139522408801E-03 -0.194050944971E-01 -0.871741647892E-03 -0.833632258772E-05 -0.127081369974E-03  0.174689345674E-03  0.139125784839E-06  0.291340243164E-04  0.360207692930E-02  0.169968954869E-03  0.216553505213E-05  0.753651288596E-04  0.274096931610E-01  0.211914682369E-02  0.699518164699E-04  0.363747509293E-02  0.144207295574E+00  0.453790072747E-02  0.717274301052E-04 -0.206157273110E-04 -0.638612471153E-02 -0.490014482264E-03 -0.158086098389E-04  0.959507097442E-01  0.386941342447E-02 -0.219719567582E-02 -0.596627639506E-01 -0.129101331290E-05 -0.102729314574E-02 -0.159561168715E-04 -0.603798240897E-06 -0.346009645580E-03 -0.676751639279E-05  0.600629464182E-06 -0.183255843437E-03 -0.382029634343E-05 -0.272112230368E-06  0.269064233506E-06 -0.179175606900E-07  0.530715091397E-07 -0.815550441357E-07  0.132310485323E-06  0.934094904672E-03 -0.553948314017E-03 -0.158454001301E-02
 -0.314510943240E-05 -0.844330495327E-03 -0.552410386832E-04 -0.104465458294E-05 -0.169485282133E-04  0.579508808238E-04  0.271221011318E-05  0.716967789340E-06  0.169968954869E-03  0.117770163867E-04  0.269091823569E-06 -0.537262680474E-05  0.883052955828E-03  0.100885950868E-03  0.343950869642E-05  0.256258248348E-03  0.142920839426E-01  0.523947001653E-03  0.757916286713E-05  0.167000271878E-05 -0.233912410072E-03 -0.288134837462E-04 -0.104110083592E-05  0.438414173933E-02  0.249649804179E-03 -0.133429890222E-03  0.382983004428E-03 -0.307581146971E-07 -0.114794694061E-03 -0.183671293181E-05 -0.104457448858E-07  0.394491444577E-04  0.593053512079E-06  0.136400138461E-07 -0.516805752191E-04 -0.893939719280E-06 -0.748598378450E-08  0.314467235890E-08 -0.184270962044E-09  0.198508644945E-08 -0.830556276446E-09 -0.695136221031E-09  0.219119135163E-03 -0.420598269680E-04 -0.130924754997E-05
  0.116042223404E-07 -0.789023860971E-05 -0.109311325344E-05 -0.502902049876E-07 -0.741654224132E-06  0.253982324480E-05  0.167406234261E-06 -0.154109286648E-08  0.216553505213E-05  0.269091823569E-06  0.117096162969E-07 -0.440156069378E-06 -0.740510104888E-05  0.166299032811E-05  0.735530018100E-07  0.918510131952E-05  0.581712799212E-03  0.233950840129E-04  0.331050074746E-06  0.144855775912E-06  0.204413441896E-05 -0.539696044421E-06 -0.259878480304E-07 -0.181442396216E-05  0.360705660059E-05 -0.204292858913E-04  0.737546456643E-04  0.322863527506E-09 -0.445289020741E-05 -0.730921620328E-07  0.325611939710E-09  0.359493776701E-05  0.580821505766E-07 -0.159142593530E-09 -0.298994253373E-05 -0.494776293846E-07 -0.151390253151E-09 -0.209576158117E-09  0.856402929011E-11 -0.193964053159E-10  0.105755308701E-09 -0.295700114249E-09  0.147971452003E-04  0.218275530513E-06  0.280897826344E-05
 -0.147804287918E-04 -0.331109844747E-03  0.243330489945E-04  0.216092260156E-05  0.906734909690E-04 -0.142792942059E-03 -0.853779881060E-05  0.333887609566E-05  0.753651288596E-04 -0.537262680474E-05 -0.440156069378E-06  0.775773238620E-04  0.300798303749E-02  0.410431844969E-04  0.131065122783E-08 -0.739976052003E-03 -0.294579297047E-01 -0.893185748798E-03 -0.103805330655E-04 -0.258866836919E-04 -0.111912035862E-02 -0.226632054103E-04 -0.143381608158E-06  0.142501584561E-02 -0.106627022395E-03  0.132947190739E-02 -0.241706059432E-02 -0.265073820340E-07  0.573061191286E-04  0.103806981896E-05 -0.263135768902E-07 -0.737027182471E-04 -0.133799803454E-05  0.128544431267E-07  0.818765401433E-04  0.138298985576E-05  0.358411141249E-07  0.260617364581E-07 -0.224224548205E-08  0.393976174586E-08 -0.869149050137E-08  0.401884095758E-07 -0.290617387894E-03 -0.293955696159E-03 -0.223504902484E-03
 -0.140930196343E-02 -0.146928788504E+00 -0.470049026634E-02  0.513660972268E-04  0.584024277808E-03 -0.586961938713E-02 -0.426274776296E-03  0.312513113178E-03  0.274096931610E-01  0.883052955828E-03 -0.740510104888E-05  0.300798303749E-02  0.374145554835E+00  0.191660983913E-01  0.490069283871E-03  0.132967646371E-01 -0.470361724797E+00 -0.352601963831E-01 -0.733035186118E-03 -0.101442833728E-02 -0.105945921462E+00 -0.522742404731E-02 -0.125862770099E-03  0.877247528260E+00  0.272258496140E-01  0.242017114213E-01 -0.336899237200E+00 -0.174502633961E-04  0.235993407620E-02  0.612086067314E-04 -0.888426001304E-05 -0.122166975288E-01 -0.222929949817E-03  0.838620283213E-05  0.514893900115E-02  0.849249979180E-04 -0.384945989334E-05  0.263206228741E-05  0.175106901418E-07  0.462411427671E-06 -0.108912169411E-05  0.231493722054E-05 -0.311101131000E-01 -0.355948329617E-01 -0.160629310743E-01
 -0.101163912955E-03 -0.115878975456E-01 -0.529538208525E-03 -0.776371014275E-05 -0.161062008563E-03 -0.141335123954E-04  0.190462529251E-05  0.200636658820E-04  0.211914682369E-02  0.100885950868E-03  0.166299032811E-05  0.410431844969E-04  0.191660983913E-01  0.162573322485E-02  0.554646783921E-04  0.294239740337E-02  0.775384173944E-01  0.176419043828E-02  0.117611144083E-04 -0.439454102077E-05 -0.395055837973E-02 -0.343486289788E-03 -0.114758027614E-04  0.451734597247E-01  0.234255071473E-02 -0.659364406086E-02 -0.547581229241E-01 -0.967100473300E-06 -0.439111240547E-03 -0.576425849412E-05 -0.471490466819E-06 -0.298563718868E-03 -0.613292284404E-05  0.473099874510E-06 -0.103116967596E-03 -0.181417019943E-05 -0.318265117570E-06  0.150428153047E-06 -0.621795579812E-08  0.101504120817E-07 -0.352707029461E-07  0.499821862858E-07  0.571625947011E-03 -0.852515567995E-03 -0.973085404900E-03
 -0.429012667478E-05 -0.398238533392E-03 -0.186379705686E-04 -0.368633582023E-06 -0.610234079945E-05  0.207475778330E-05  0.281825991271E-06  0.761960203599E-06  0.699518164699E-04  0.343950869642E-05  0.735530018100E-07  0.131065122783E-08  0.490069283871E-03  0.554646783921E-04  0.233664822683E-05  0.106908342110E-03  0.361337906697E-02  0.106486555899E-03  0.155502083444E-05  0.833681629055E-06 -0.372009192768E-04 -0.796312812913E-05 -0.376046572039E-06  0.549214233759E-03  0.409732729488E-04 -0.278398659065E-03 -0.353905597334E-02 -0.222656984103E-07 -0.151742238635E-04 -0.213487946526E-06 -0.110718063966E-07 -0.474934045085E-05 -0.999098221372E-07  0.111878171271E-07 -0.324697388020E-05 -0.696785818510E-07 -0.884712932732E-08  0.519233284303E-08 -0.882763328047E-09 -0.753316640177E-10 -0.330229170594E-09  0.370483733179E-09  0.398596670867E-04  0.595189741078E-04 -0.486439602692E-04
 -0.170516321321E-03 -0.176375072193E-01 -0.110895532659E-02 -0.402466857428E-04 -0.164557775739E-02  0.208832562724E-02  0.133618922556E-03  0.322751197450E-04  0.363747509293E-02  0.256258248348E-03  0.918510131952E-05 -0.739976052003E-03  0.132967646371E-01  0.294239740337E-02  0.106908342110E-03  0.233695391480E-01  0.926165512821E+00  0.299017638465E-01  0.400174312997E-03  0.268278199094E-03  0.147836723586E-02 -0.590829408453E-03 -0.256080382663E-04  0.100612334017E-01  0.222971257544E-02 -0.249688494419E-01  0.296874854690E-01 -0.280313744388E-05 -0.258581863243E-02 -0.450350614954E-04 -0.123834878336E-05  0.210880111793E-02  0.362863505139E-04  0.136019746560E-05 -0.272743371195E-02 -0.470434470491E-04 -0.150050034423E-05  0.922949693315E-07  0.247197991520E-07 -0.479497836305E-07 -0.251399973652E-07 -0.263560873479E-06  0.161872824069E-01  0.452479488373E-03  0.232820402047E-02
 -0.389160335156E-02 -0.505736312958E+00 -0.548227880694E-01 -0.243146046568E-02 -0.568493001663E-01  0.170916019745E+00  0.102627889124E-01  0.833568541605E-03  0.144207295574E+00  0.142920839426E-01  0.581712799212E-03 -0.294579297047E-01 -0.470361724797E+00  0.775384173944E-01  0.361337906697E-02  0.926165512821E+00  0.590451756202E+02  0.240387196318E+01  0.391890041815E-01  0.977544059572E-02  0.140654824288E+00 -0.270730873465E-01 -0.137260512089E-02 -0.268199341405E+01  0.123862195358E-01 -0.561595624291E+00  0.809993450975E+01  0.403352800354E-04 -0.326802896427E+00 -0.563739457497E-02  0.292622103698E-04  0.307689294065E+00  0.526828554292E-02 -0.210164218963E-04 -0.260279657736E+00 -0.443715568729E-02 -0.809354414558E-05 -0.756093436228E-05 -0.951864936187E-06 -0.304096829122E-05  0.414114665192E-05 -0.209464798327E-04  0.163825588320E+01  0.155250345962E+00  0.196218721926E+00
 -0.787527319399E-04 -0.122687979108E-01 -0.191149039240E-02 -0.993393367574E-04 -0.153081540763E-02  0.632570070776E-02  0.448910973834E-03  0.198218716249E-04  0.453790072747E-02  0.523947001653E-03  0.233950840129E-04 -0.893185748798E-03 -0.352601963831E-01  0.176419043828E-02  0.106486555899E-03  0.299017638465E-01  0.240387196318E+01  0.111971898458E+00  0.199655836001E-02  0.281825923361E-03  0.643127730160E-02 -0.919111912628E-03 -0.504993912992E-04 -0.141715228877E+00  0.828419608873E-03 -0.288328097182E-01  0.435074288652E+00  0.351732938119E-05 -0.167676990981E-01 -0.285111296574E-03  0.209819659605E-05  0.164881848526E-01  0.278041087348E-03 -0.175714918723E-05 -0.130355985889E-01 -0.217034815482E-03  0.381321206696E-06 -0.422861259607E-06 -0.139415131338E-06 -0.144107686730E-06  0.238355324008E-06 -0.881899222766E-06  0.851337583605E-01  0.956013419508E-02  0.669374916793E-02
 -0.240540898601E-05 -0.206399982093E-03 -0.274500036747E-04 -0.139509853767E-05 -0.139787904779E-04  0.833826889223E-04  0.666791357279E-05  0.474989884609E-06  0.717274301052E-04  0.757916286713E-05  0.331050074746E-06 -0.103805330655E-04 -0.733035186118E-03  0.117611144083E-04  0.155502083444E-05  0.400174312997E-03  0.391890041815E-01  0.199655836001E-02  0.388010770219E-04  0.365270877174E-05  0.170942382134E-03 -0.791255169921E-05 -0.658217590887E-06 -0.303467637762E-02 -0.267865992647E-04 -0.384281263297E-03  0.594616643187E-02  0.787920758412E-07 -0.293551575507E-03 -0.500610105642E-05  0.440230134831E-07  0.295159141714E-03  0.499495027587E-05 -0.391114973155E-07 -0.223569708326E-03 -0.370666992155E-05  0.152033355234E-07 -0.517174407159E-08 -0.474086397349E-08 -0.242941558470E-08  0.425942279269E-08 -0.139291502775E-07  0.157018501445E-02  0.339862976514E-03  0.276207240762E-04
  0.205986308141E-05  0.144650410142E-04 -0.100530203336E-04 -0.739800972406E-06 -0.279756206059E-04  0.377508635937E-04  0.241657456679E-05 -0.793148651940E-06 -0.206157273110E-04  0.167000271878E-05  0.144855775912E-06 -0.258866836919E-04 -0.101442833728E-02 -0.439454102077E-05  0.833681629055E-06  0.268278199094E-03  0.977544059572E-02  0.281825923361E-03  0.365270877174E-05  0.102704619302E-04  0.521412296964E-03  0.141240336303E-04  0.117381878706E-06 -0.118447305342E-02  0.402653998168E-05 -0.534631296765E-03 -0.223360888975E-02 -0.645558559733E-08  0.234810970166E-04  0.343710402708E-06 -0.135515712341E-08  0.191928382300E-04  0.388607203435E-06  0.369732971155E-08 -0.148218043186E-04 -0.272082421477E-06 -0.157506999115E-07 -0.683963884419E-08 -0.149217842381E-09 -0.142590356005E-08  0.278079954709E-08 -0.908838927821E-08  0.642492055889E-04  0.190121812840E-03  0.303357344386E-04
  0.126805267026E-03  0.240964644945E-01  0.803891183074E-03 -0.223167674163E-04 -0.371806101551E-03  0.770309015387E-03  0.851521840723E-04 -0.582451773103E-04 -0.638612471153E-02 -0.233912410072E-03  0.204413441896E-05 -0.111912035862E-02 -0.105945921462E+00 -0.395055837973E-02 -0.372009192768E-04  0.147836723586E-02  0.140654824288E+00  0.643127730160E-02  0.170942382134E-03  0.521412296964E-03  0.468116469350E-01  0.218914711048E-02  0.446347639035E-04 -0.244681041810E+00 -0.780334633283E-02 -0.257639876215E-01 -0.260777609703E+00  0.244611110277E-05  0.526406380270E-02  0.801625564002E-04  0.100842991808E-05  0.115212214697E-02  0.269141147785E-04 -0.112253891220E-05  0.256531230934E-03  0.284252247725E-05  0.266855127657E-06 -0.377407756631E-06 -0.852515452806E-07 -0.135640044851E-06  0.211669530691E-06 -0.236401165537E-06  0.887779926659E-03  0.199097047226E-01 -0.678552562710E-04
  0.765803846257E-05  0.197804442606E-02  0.114735892544E-03  0.170260063114E-05  0.377959657286E-04 -0.877934700523E-04 -0.396482969136E-05 -0.302241763202E-05 -0.490014482264E-03 -0.288134837462E-04 -0.539696044421E-06 -0.226632054103E-04 -0.522742404731E-02 -0.343486289788E-03 -0.796312812913E-05 -0.590829408453E-03 -0.270730873465E-01 -0.919111912628E-03 -0.791255169921E-05  0.141240336303E-04  0.218914711048E-02  0.145711087830E-03  0.392625080109E-05 -0.130510022654E-01 -0.655570699538E-03  0.210776907161E-03 -0.128929671955E-01  0.127229759694E-06  0.531740457774E-03  0.836418824297E-05  0.419854989788E-07 -0.118164461333E-03 -0.152931823854E-05 -0.591285179829E-07  0.162159032255E-03  0.263514721053E-05  0.383328592343E-07 -0.803100144742E-08 -0.460095889201E-08 -0.461412297082E-08  0.422566565973E-08  0.111919360174E-07 -0.763246342083E-03  0.960192133553E-03 -0.103775509978E-03
  0.415037261459E-06  0.675302642872E-04  0.430406674429E-05  0.960347415250E-07  0.167969271676E-05 -0.465126388496E-05 -0.245170651202E-06 -0.106433135732E-06 -0.158086098389E-04 -0.104110083592E-05 -0.259878480304E-07 -0.143381608158E-06 -0.125862770099E-03 -0.114758027614E-04 -0.376046572039E-06 -0.256080382663E-04 -0.137260512089E-02 -0.504993912992E-04 -0.658217590887E-06  0.117381878706E-06  0.446347639035E-04  0.392625080109E-05  0.130867027356E-06 -0.219818085439E-03 -0.141918526077E-04  0.207942605367E-04 -0.104632789445E-03  0.214660734442E-08  0.175350435663E-04  0.279979439608E-06  0.457867942180E-09 -0.675005182426E-05 -0.102928725065E-06 -0.100319176907E-08  0.630367124362E-05  0.105993197717E-06  0.948598812806E-09 -0.986465093224E-10 -0.966495947840E-11 -0.678374998877E-10 -0.579749401471E-10  0.618434896442E-09 -0.344308226091E-04  0.112811105215E-04 -0.147402941922E-05
  0.435595787813E-04 -0.609603258986E+00 -0.273479123366E-01  0.207638125632E-04  0.234990182032E-02 -0.304125384521E-02 -0.563693906699E-03  0.987880130785E-04  0.959507097442E-01  0.438414173933E-02 -0.181442396216E-05  0.142501584561E-02  0.877247528260E+00  0.451734597247E-01  0.549214233759E-03  0.100612334017E-01 -0.268199341405E+01 -0.141715228877E+00 -0.303467637762E-02 -0.118447305342E-02 -0.244681041810E+00 -0.130510022654E-01 -0.219818085439E-03  0.731160464468E+01  0.286674520015E+00  0.361107782057E-01  0.147023222714E+01 -0.819974518090E-04  0.442612280640E-01  0.810362428209E-03 -0.417633702435E-04 -0.503310469109E-01 -0.908489703246E-03  0.378992852695E-04  0.151344620750E-01  0.278408361978E-03 -0.130441399023E-04  0.801543007074E-05  0.923016017405E-06  0.385731365831E-05 -0.666848331851E-05  0.142326200744E-04 -0.219515863733E+00 -0.189719761942E+00 -0.156581872889E-01
  0.382125105143E-04 -0.237984386239E-01 -0.148881360774E-02 -0.189993004795E-04 -0.139431179780E-03 -0.537214888374E-05  0.317241495629E-04 -0.336002421303E-05  0.386941342447E-02  0.249649804179E-03  0.360705660059E-05 -0.106627022395E-03  0.272258496140E-01  0.234255071473E-02  0.409732729488E-04  0.222971257544E-02  0.123862195358E-01  0.828419608873E-03 -0.267865992647E-04  0.402653998168E-05 -0.780334633283E-02 -0.655570699538E-03 -0.141918526077E-04  0.286674520015E+00  0.165495871442E-01 -0.190385865560E-01  0.870751175457E-01 -0.240501466855E-05  0.401319039205E-03  0.103390426010E-04 -0.116730039430E-05 -0.119037415626E-02 -0.232607207635E-04  0.113957989244E-05 -0.713426633154E-03 -0.920141886646E-05 -0.621060348907E-06  0.213587838958E-06  0.545440397472E-07  0.699989949075E-07 -0.127628479696E-06  0.263380533752E-06 -0.239437722580E-02 -0.101251277909E-01 -0.773203831331E-04
  0.301463856067E-03  0.201667960358E-01  0.117119093222E-02  0.139724698843E-03  0.200422394299E-02  0.306345938182E-02 -0.268086314697E-03 -0.412413315220E-04 -0.219719567582E-02 -0.133429890222E-03 -0.204292858913E-04  0.132947190739E-02  0.242017114213E-01 -0.659364406086E-02 -0.278398659065E-03 -0.249688494419E-01 -0.561595624291E+00 -0.288328097182E-01 -0.384281263297E-03 -0.534631296765E-03 -0.257639876215E-01  0.210776907161E-03  0.207942605367E-04  0.361107782057E-01 -0.190385865560E-01  0.237561227954E+00  0.446364774087E+00  0.645907921069E-05  0.492375094734E-02  0.702309122601E-04  0.311288539962E-05 -0.534905933489E-02 -0.761638044545E-04 -0.342576195104E-05  0.653450426967E-02  0.917684577169E-04  0.424305081461E-05 -0.640216671148E-06  0.519440033300E-07  0.381400380412E-06 -0.210361238418E-06  0.824842146947E-06 -0.425743264921E-01  0.295815736939E-02  0.322289979257E-02
  0.953596827217E-02  0.511853910428E+00  0.867543070676E-02 -0.983918293834E-04 -0.328500873642E-02  0.541019432676E-01  0.299825452008E-02 -0.143219722182E-02 -0.596627639506E-01  0.382983004428E-03  0.737546456643E-04 -0.241706059432E-02 -0.336899237200E+00 -0.547581229241E-01 -0.353905597334E-02  0.296874854690E-01  0.809993450975E+01  0.435074288652E+00  0.594616643187E-02 -0.223360888975E-02 -0.260777609703E+00 -0.128929671955E-01 -0.104632789445E-03  0.147023222714E+01  0.870751175457E-01  0.446364774087E+00  0.143231432307E+02  0.238655843340E-04 -0.104735875606E+00 -0.172957101310E-02  0.156411485057E-04  0.109808108156E+00  0.176727701770E-02 -0.130504530837E-04 -0.886320832118E-01 -0.140532112802E-02  0.959193701932E-05 -0.147138959852E-04  0.308094383999E-05  0.640062242791E-06  0.217310039793E-06 -0.286443814294E-05  0.398370749055E+00 -0.354418533221E+00  0.206772689904E+00
  0.859236694740E-07  0.903967591490E-05  0.236733352883E-06 -0.695900550925E-09 -0.391375416110E-07  0.353977942892E-06  0.169616200277E-07 -0.153984354251E-07 -0.129101331290E-05 -0.307581146971E-07  0.322863527506E-09 -0.265073820340E-07 -0.174502633961E-04 -0.967100473300E-06 -0.222656984103E-07 -0.280313744388E-05  0.403352800354E-04  0.351732938119E-05  0.787920758412E-07 -0.645558559733E-08  0.244611110277E-05  0.127229759694E-06  0.214660734442E-08 -0.819974518090E-04 -0.240501466855E-05  0.645907921069E-05  0.238655843340E-04  0.656647651430E-08 -0.143323394980E-05 -0.257234934863E-07  0.208160872162E-08  0.286821104379E-06  0.692258564340E-08 -0.185096223187E-08 -0.548393548186E-06 -0.989417227409E-08  0.748264980273E-09 -0.294014007490E-09 -0.235794503565E-11 -0.127358718454E-09  0.168220233775E-09 -0.832140330875E-09  0.404445719036E-05  0.161581851879E-05  0.660001564497E-06
 -0.409030405740E-04 -0.173417102250E-02  0.186635304539E-03  0.139312515144E-04  0.189353650840E-03 -0.958338654539E-03 -0.643077623999E-04 -0.106479697919E-05 -0.102729314574E-02 -0.114794694061E-03 -0.445289020741E-05  0.573061191286E-04  0.235993407620E-02 -0.439111240547E-03 -0.151742238635E-04 -0.258581863243E-02 -0.326802896427E+00 -0.167676990981E-01 -0.293551575507E-03  0.234810970166E-04  0.526406380270E-02  0.531740457774E-03  0.175350435663E-04  0.442612280640E-01  0.401319039205E-03  0.492375094734E-02 -0.104735875606E+00 -0.143323394980E-05  0.434844610669E-01  0.711375558953E-03 -0.436567887479E-05 -0.476195263020E-02 -0.778636720626E-04  0.716184452489E-06  0.246445236777E-02  0.400803300386E-04 -0.263729614564E-06  0.167376229938E-06  0.175738645244E-07  0.545583190739E-08 -0.150604671721E-06  0.387771730950E-05 -0.184037930823E-01  0.524468435257E-03 -0.145176943757E-02
 -0.633488339617E-06 -0.361529200062E-04  0.261824334300E-05  0.221936236229E-06  0.277689946683E-05 -0.153546224475E-04 -0.105004033136E-05 -0.249114929440E-07 -0.159561168715E-04 -0.183671293181E-05 -0.730921620328E-07  0.103806981896E-05  0.612086067314E-04 -0.576425849412E-05 -0.213487946526E-06 -0.450350614954E-04 -0.563739457497E-02 -0.285111296574E-03 -0.500610105642E-05  0.343710402708E-06  0.801625564002E-04  0.836418824297E-05  0.279979439608E-06  0.810362428209E-03  0.103390426010E-04  0.702309122601E-04 -0.172957101310E-02 -0.257234934863E-07  0.711375558953E-03  0.116905777025E-04 -0.730521951903E-07 -0.792110209192E-04 -0.131718988500E-05  0.128301804354E-07  0.409472411111E-04  0.670537488345E-06 -0.482684825569E-08  0.260717927356E-08  0.269481149241E-09  0.138764007157E-09 -0.258716076572E-08  0.642759098532E-07 -0.305126449792E-03  0.784622997379E-05 -0.240216606376E-04
  0.488030073440E-07  0.462194602803E-05  0.111205293271E-06 -0.746172575703E-09 -0.572135664344E-07  0.207839143873E-06  0.103554245119E-07 -0.839694343036E-08 -0.603798240897E-06 -0.104457448858E-07  0.325611939710E-09 -0.263135768902E-07 -0.888426001304E-05 -0.471490466819E-06 -0.110718063966E-07 -0.123834878336E-05  0.292622103698E-04  0.209819659605E-05  0.440230134831E-07 -0.135515712341E-08  0.100842991808E-05  0.419854989788E-07  0.457867942180E-09 -0.417633702435E-04 -0.116730039430E-05  0.311288539962E-05  0.156411485057E-04  0.208160872162E-08 -0.436567887479E-05 -0.730521951903E-07  0.182718111561E-08  0.179738043647E-06  0.408262513854E-08 -0.101579132610E-08 -0.323084582379E-06 -0.575177211215E-08  0.379716813214E-09 -0.178751111369E-09  0.144163789359E-12 -0.603690796259E-10  0.102483320565E-09 -0.116960888098E-08  0.227653107912E-05  0.747587065205E-06  0.396083267229E-06
  0.385148131041E-04  0.516550633642E-02  0.251969044325E-04 -0.130769283241E-04  0.320983904816E-04  0.949481812292E-03  0.699947268630E-04 -0.641428384808E-05 -0.346009645580E-03  0.394491444577E-04  0.359493776701E-05 -0.737027182471E-04 -0.122166975288E-01 -0.298563718868E-03 -0.474934045085E-05  0.210880111793E-02  0.307689294065E+00  0.164881848526E-01  0.295159141714E-03  0.191928382300E-04  0.115212214697E-02 -0.118164461333E-03 -0.675005182426E-05 -0.503310469109E-01 -0.119037415626E-02 -0.534905933489E-02  0.109808108156E+00  0.286821104379E-06 -0.476195263020E-02 -0.792110209192E-04  0.179738043647E-06  0.521287116838E-01  0.851329560111E-03 -0.300436212326E-05 -0.237926375485E-02 -0.385561679906E-04  0.198877173139E-06 -0.142893241643E-05 -0.213064301377E-07  0.289043570630E-05  0.293523186949E-05  0.664983438563E-07  0.177177326716E-01  0.378312216095E-03  0.184121343421E-02
  0.599231693438E-06  0.912025718368E-04  0.780215044267E-06 -0.206436991547E-06  0.880877417032E-06  0.151245881208E-04  0.113199591084E-05 -0.104660098252E-06 -0.676751639279E-05  0.593053512079E-06  0.580821505766E-07 -0.133799803454E-05 -0.222929949817E-03 -0.613292284404E-05 -0.999098221372E-07  0.362863505139E-04  0.526828554292E-02  0.278041087348E-03  0.499495027587E-05  0.388607203435E-06  0.269141147785E-04 -0.152931823854E-05 -0.102928725065E-06 -0.908489703246E-03 -0.232607207635E-04 -0.761638044545E-04  0.176727701770E-02  0.692258564340E-08 -0.778636720626E-04 -0.131718988500E-05  0.408262513854E-08  0.851329560111E-03  0.139820768991E-04 -0.503308408599E-07 -0.391691574375E-04 -0.639393201201E-06  0.381017152218E-08 -0.307707875670E-07 -0.342333943539E-09  0.473319261974E-07  0.482215630788E-07  0.769103696463E-09  0.291857008562E-03  0.842064832466E-05  0.297621639555E-04
 -0.428783170087E-07 -0.425862126152E-05 -0.109770894907E-06  0.258788671824E-09  0.201757450531E-07 -0.187347512116E-06 -0.836825284004E-08  0.761778144378E-08  0.600629464182E-06  0.136400138461E-07 -0.159142593530E-09  0.128544431267E-07  0.838620283213E-05  0.473099874510E-06  0.111878171271E-07  0.136019746560E-05 -0.210164218963E-04 -0.175714918723E-05 -0.391114973155E-07  0.369732971155E-08 -0.112253891220E-05 -0.591285179829E-07 -0.100319176907E-08  0.378992852695E-04  0.113957989244E-05 -0.342576195104E-05 -0.130504530837E-04 -0.185096223187E-08  0.716184452489E-06  0.128301804354E-07 -0.101579132610E-08 -0.300436212326E-05 -0.503308408599E-07  0.148147334516E-08  0.267018555879E-06  0.483599141930E-08 -0.367794015970E-09 -0.153230486897E-09  0.943316624624E-12 -0.526632174036E-09 -0.662363210863E-09  0.407147181877E-09 -0.193226931533E-05 -0.772650535387E-06 -0.339460898503E-06
 -0.248867764614E-04 -0.978865097428E-03  0.154169834206E-03  0.131832598454E-04  0.142932862624E-03 -0.720933174677E-03 -0.610765341987E-04  0.287739537081E-05 -0.183255843437E-03 -0.516805752191E-04 -0.298994253373E-05  0.818765401433E-04  0.514893900115E-02 -0.103116967596E-03 -0.324697388020E-05 -0.272743371195E-02 -0.260279657736E+00 -0.130355985889E-01 -0.223569708326E-03 -0.148218043186E-04  0.256531230934E-03  0.162159032255E-03  0.630367124362E-05  0.151344620750E-01 -0.713426633154E-03  0.653450426967E-02 -0.886320832118E-01 -0.548393548186E-06  0.246445236777E-02  0.409472411111E-04 -0.323084582379E-06 -0.237926375485E-02 -0.391691574375E-04  0.267018555879E-06  0.194110444592E+00  0.322150149469E-02 -0.201853461064E-04  0.944577666476E-07  0.428507650757E-05  0.244921186960E-07 -0.403873122692E-07  0.132870027177E-06 -0.115548623965E-01  0.998735607155E-03 -0.146383807887E-02
 -0.337487912952E-06 -0.122712053575E-04  0.271982217762E-05  0.215083710014E-06  0.242650668926E-05 -0.125439589205E-04 -0.998654121496E-06  0.351705973935E-07 -0.382029634343E-05 -0.893939719280E-06 -0.494776293846E-07  0.138298985576E-05  0.849249979180E-04 -0.181417019943E-05 -0.696785818510E-07 -0.470434470491E-04 -0.443715568729E-02 -0.217034815482E-03 -0.370666992155E-05 -0.272082421477E-06  0.284252247725E-05  0.263514721053E-05  0.105993197717E-06  0.278408361978E-03 -0.920141886646E-05  0.917684577169E-04 -0.140532112802E-02 -0.989417227409E-08  0.400803300386E-04  0.670537488345E-06 -0.575177211215E-08 -0.385561679906E-04 -0.639393201201E-06  0.483599141930E-08  0.322150149469E-02  0.536887131186E-04 -0.348415106368E-06  0.151314292033E-08  0.102500361786E-06  0.396884325062E-09 -0.674243733697E-09  0.221174799817E-08 -0.187771258617E-03  0.135428104766E-04 -0.239595031547E-04
  0.203753381356E-07  0.188375148047E-05  0.530607876998E-07  0.118675962868E-08  0.992752687324E-07  0.128571322785E-06  0.112230108474E-08 -0.365608197286E-08 -0.272112230368E-06 -0.748598378450E-08 -0.151390253151E-09  0.358411141249E-07 -0.384945989334E-05 -0.318265117570E-06 -0.884712932732E-08 -0.150050034423E-05 -0.809354414558E-05  0.381321206696E-06  0.152033355234E-07 -0.157506999115E-07  0.266855127657E-06  0.383328592343E-07  0.948598812806E-09 -0.130441399023E-04 -0.621060348907E-06  0.424305081461E-05  0.959193701932E-05  0.748264980273E-09 -0.263729614564E-06 -0.482684825569E-08  0.379716813214E-09  0.198877173139E-06  0.381017152218E-08 -0.367794015970E-09 -0.201853461064E-04 -0.348415106368E-06  0.531538069744E-08 -0.464522912293E-10 -0.448432030422E-08 -0.434472204406E-11  0.218068081393E-10 -0.513875753899E-10  0.531635313489E-06  0.424088661030E-06  0.152121208122E-06
 -0.228630060701E-07 -0.174733504151E-05 -0.388389126075E-07  0.474272341352E-09  0.343013678158E-07 -0.117330184658E-06 -0.599915628824E-08  0.449535685013E-08  0.269064233506E-06  0.314467235890E-08 -0.209576158117E-09  0.260617364581E-07  0.263206228741E-05  0.150428153047E-06  0.519233284303E-08  0.922949693315E-07 -0.756093436228E-05 -0.422861259607E-06 -0.517174407159E-08 -0.683963884419E-08 -0.377407756631E-06 -0.803100144742E-08 -0.986465093224E-10  0.801543007074E-05  0.213587838958E-06 -0.640216671148E-06 -0.147138959852E-04 -0.294014007490E-09  0.167376229938E-06  0.260717927356E-08 -0.178751111369E-09 -0.142893241643E-05 -0.307707875670E-07 -0.153230486897E-09  0.944577666476E-07  0.151314292033E-08 -0.464522912293E-10  0.512925078592E-08 -0.308908266027E-11  0.305182841107E-09  0.278503925096E-09  0.880683775695E-10 -0.402594594342E-06 -0.663487257689E-07 -0.327948712276E-06
  0.268580130113E-08  0.128101703457E-06  0.236660068030E-08 -0.969302515407E-11 -0.510429524792E-08  0.105324565726E-07  0.345354695946E-09 -0.402585120864E-09 -0.179175606900E-07 -0.184270962044E-09  0.856402929011E-11 -0.224224548205E-08  0.175106901418E-07 -0.621795579812E-08 -0.882763328047E-09  0.247197991520E-07 -0.951864936187E-06 -0.139415131338E-06 -0.474086397349E-08 -0.149217842381E-09 -0.852515452806E-07 -0.460095889201E-08 -0.966495947840E-11  0.923016017405E-06  0.545440397472E-07  0.519440033300E-07  0.308094383999E-05 -0.235794503565E-11  0.175738645244E-07  0.269481149241E-09  0.144163789359E-12 -0.213064301377E-07 -0.342333943539E-09  0.943316624624E-12  0.428507650757E-05  0.102500361786E-06 -0.448432030422E-08 -0.308908266027E-11  0.140150582950E-07 -0.128109652669E-12 -0.109195089659E-12 -0.215520101422E-11 -0.129733105594E-06 -0.212677680965E-06  0.812279752049E-07
 -0.448173130517E-09 -0.316232084848E-06 -0.100984926556E-07  0.212156907826E-09  0.135697859380E-07  0.851982845523E-08 -0.655725088474E-09  0.105518332108E-09  0.530715091397E-07  0.198508644945E-08 -0.193964053159E-10  0.393976174586E-08  0.462411427671E-06  0.101504120817E-07 -0.753316640177E-10 -0.479497836305E-07 -0.304096829122E-05 -0.144107686730E-06 -0.242941558470E-08 -0.142590356005E-08 -0.135640044851E-06 -0.461412297082E-08 -0.678374998877E-10  0.385731365831E-05  0.699989949075E-07  0.381400380412E-06  0.640062242791E-06 -0.127358718454E-09  0.545583190739E-08  0.138764007157E-09 -0.603690796259E-10  0.289043570630E-05  0.473319261974E-07 -0.526632174036E-09  0.244921186960E-07  0.396884325062E-09 -0.434472204406E-11  0.305182841107E-09 -0.128109652669E-12  0.370945829761E-08  0.578772956762E-09  0.351530937353E-10 -0.199822684845E-06 -0.312560347385E-07 -0.455954970786E-08
  0.421192516347E-08  0.624672097944E-06  0.129676233287E-07 -0.409210427173E-09 -0.117884566290E-07  0.149152631033E-07  0.176481755093E-08 -0.850928746426E-09 -0.815550441357E-07 -0.830556276446E-09  0.105755308701E-09 -0.869149050137E-08 -0.108912169411E-05 -0.352707029461E-07 -0.330229170594E-09 -0.251399973652E-07  0.414114665192E-05  0.238355324008E-06  0.425942279269E-08  0.278079954709E-08  0.211669530691E-06  0.422566565973E-08 -0.579749401471E-10 -0.666848331851E-05 -0.127628479696E-06 -0.210361238418E-06  0.217310039793E-06  0.168220233775E-09 -0.150604671721E-06 -0.258716076572E-08  0.102483320565E-09  0.293523186949E-05  0.482215630788E-07 -0.662363210863E-09 -0.403873122692E-07 -0.674243733697E-09  0.218068081393E-10  0.278503925096E-09 -0.109195089659E-12  0.578772956762E-09  0.682865557502E-08 -0.529792612261E-10  0.292319605805E-06  0.109752413404E-06  0.387500562111E-07
 -0.164410829684E-07 -0.132996153955E-05 -0.269428698385E-07  0.104535926382E-08  0.111599202456E-06 -0.340861203995E-07 -0.466080648801E-08  0.256848272610E-08  0.132310485323E-06 -0.695136221031E-09 -0.295700114249E-09  0.401884095758E-07  0.231493722054E-05  0.499821862858E-07  0.370483733179E-09 -0.263560873479E-06 -0.209464798327E-04 -0.881899222766E-06 -0.139291502775E-07 -0.908838927821E-08 -0.236401165537E-06  0.111919360174E-07  0.618434896442E-09  0.142326200744E-04  0.263380533752E-06  0.824842146947E-06 -0.286443814294E-05 -0.832140330875E-09  0.387771730950E-05  0.642759098532E-07 -0.116960888098E-08  0.664983438563E-07  0.769103696463E-09  0.407147181877E-09  0.132870027177E-06  0.221174799817E-08 -0.513875753899E-10  0.880683775695E-10 -0.215520101422E-11  0.351530937353E-10 -0.529792612261E-10  0.535039412896E-08 -0.896000631203E-06 -0.143552696842E-06 -0.120442250004E-06
 -0.114440850054E-04  0.754222807193E-02 -0.392078384990E-03 -0.634630979246E-04 -0.607587674134E-03  0.284063302188E-02  0.282275166762E-03  0.976630149422E-05  0.934094904672E-03  0.219119135163E-03  0.147971452003E-04 -0.290617387894E-03 -0.311101131000E-01  0.571625947011E-03  0.398596670867E-04  0.161872824069E-01  0.163825588320E+01  0.851337583605E-01  0.157018501445E-02  0.642492055889E-04  0.887779926659E-03 -0.763246342083E-03 -0.344308226091E-04 -0.219515863733E+00 -0.239437722580E-02 -0.425743264921E-01  0.398370749055E+00  0.404445719036E-05 -0.184037930823E-01 -0.305126449792E-03  0.227653107912E-05  0.177177326716E-01  0.291857008562E-03 -0.193226931533E-05 -0.115548623965E-01 -0.187771258617E-03  0.531635313489E-06 -0.402594594342E-06 -0.129733105594E-06 -0.199822684845E-06  0.292319605805E-06 -0.896000631203E-06  0.896901142225E-01  0.132086300173E-02  0.356763489690E-02
 -0.153840871209E-03 -0.502971381870E-03  0.871968672515E-04 -0.437069764370E-05 -0.125861850959E-03  0.513111052705E-03  0.700563080252E-05  0.139053475229E-04 -0.553948314017E-03 -0.420598269680E-04  0.218275530513E-06 -0.293955696159E-03 -0.355948329617E-01 -0.852515567995E-03  0.595189741078E-04  0.452479488373E-03  0.155250345962E+00  0.956013419508E-02  0.339862976514E-03  0.190121812840E-03  0.199097047226E-01  0.960192133553E-03  0.112811105215E-04 -0.189719761942E+00 -0.101251277909E-01  0.295815736939E-02 -0.354418533221E+00  0.161581851879E-05  0.524468435257E-03  0.784622997379E-05  0.747587065205E-06  0.378312216095E-03  0.842064832466E-05 -0.772650535387E-06  0.998735607155E-03  0.135428104766E-04  0.424088661030E-06 -0.663487257689E-07 -0.212677680965E-06 -0.312560347385E-07  0.109752413404E-06 -0.143552696842E-06  0.132086300173E-02  0.317788848918E-01 -0.632449441667E-02
