

 Numbers of non-zero-weighted points of each type

 {delta}Hdil =   73
 EMF =  169
 Cp =   74
 Isopiestic =  263
 Alpha =   44


 SQ OSM  = 0.2438E+02   SQ ALPHA = 0.2260E+01   SQ EMF = 0.1702E+02
 SQ HDIL = 0.8294E+01   SQ PHICP = 0.5388E+01


  Covariance Matrix:

  0.140778271496E-04  0.672480768320E-03  0.136682071688E-04 -0.201561040615E-06 -0.123131879711E-04  0.476699504492E-04  0.241656631916E-05 -0.255368365934E-05 -0.114688796108E-03 -0.195516886541E-05  0.547132157667E-07 -0.150405549111E-04 -0.111085192525E-02 -0.737580293344E-04 -0.342117675678E-05 -0.444224133363E-04  0.145017009231E-02  0.107191531511E-03  0.128193957068E-05  0.262430794755E-05  0.110623184589E-03  0.456486528300E-05  0.305363816759E-06  0.763419488295E-03  0.726355078295E-04  0.104802009985E-03  0.106075633623E-01  0.596761198962E-07 -0.486324336355E-04 -0.776794579337E-06  0.354311582630E-07  0.472634217647E-04  0.770069610012E-06 -0.301194320002E-07 -0.305957927855E-04 -0.461566356819E-06  0.123139507053E-07 -0.222768713360E-07  0.217056510719E-08  0.379939344569E-10  0.329892739819E-08 -0.140653335331E-07  0.397980605333E-04 -0.138575629871E-03  0.155957081982E-03
  0.672480768320E-03  0.102153178431E+00  0.447241131327E-02  0.366928651544E-04  0.385454975912E-03  0.294801192950E-03  0.316415009250E-04 -0.130436772877E-03 -0.175255298242E-01 -0.792304513485E-03 -0.791328984577E-05 -0.196471336716E-03 -0.121165394923E+00 -0.987514395275E-02 -0.337039150525E-03 -0.117271295053E-01 -0.239763561692E+00 -0.393283165888E-02 -0.287396031065E-04  0.203727541306E-04  0.229278594933E-01  0.192215080864E-02  0.644955778619E-04 -0.575791621929E+00 -0.242515642138E-01  0.242469252145E-01  0.522521509290E+00  0.767242581013E-05 -0.177923740651E-02 -0.384283135300E-04  0.388382966767E-05  0.516026740069E-02  0.936948129156E-04 -0.361034731699E-05 -0.804008345522E-03 -0.124064526410E-04  0.162570505057E-05 -0.158529216426E-05  0.833017525135E-07 -0.263638647446E-06  0.538647961118E-06 -0.108222023480E-05  0.918321447817E-02  0.197279667274E-02  0.906277361236E-02
  0.136682071688E-04  0.447241131327E-02  0.289104874060E-03  0.548242795315E-05  0.764082301089E-04 -0.238204153086E-03 -0.131903391802E-04 -0.277154455576E-05 -0.817412411897E-03 -0.561211468807E-04 -0.126002553478E-05  0.321109826891E-04 -0.391979142357E-02 -0.507329165687E-03 -0.176732731291E-04 -0.101972639907E-02 -0.522044386379E-01 -0.191752574392E-02 -0.265046503375E-04 -0.107579582372E-04  0.799364239239E-03  0.123777680761E-03  0.461690354351E-05 -0.268461487355E-01 -0.161726001849E-02  0.194894130257E-02  0.641010842934E-02  0.196492192705E-06  0.224473692036E-03  0.317946560501E-05  0.887757605393E-07 -0.295252428586E-04 -0.163381964434E-07 -0.916361294523E-07  0.191288683279E-03  0.320782956508E-05  0.505777594916E-07 -0.274897626673E-07  0.928290976609E-09 -0.762935566643E-08  0.878644622771E-08 -0.160309558259E-07 -0.482706294409E-03  0.233768223363E-03  0.406087644836E-04
 -0.201561040615E-06  0.366928651544E-04  0.548242795315E-05  0.282276113550E-06  0.395296161663E-05 -0.114262529305E-04 -0.904510106366E-06  0.429883002543E-07 -0.794547846619E-05 -0.118200745514E-05 -0.602080077364E-07  0.239193816064E-05  0.447218085280E-04 -0.935835313701E-05 -0.392039208231E-06 -0.467105407873E-04 -0.276911385378E-02 -0.115202519733E-03 -0.161832655037E-05 -0.795558652210E-06 -0.206957064355E-04  0.214329614948E-05  0.109079181821E-06 -0.103078930068E-03 -0.305396745328E-04  0.173546824815E-03 -0.412546070021E-03  0.254884615858E-09  0.172978368427E-04  0.275010584849E-06 -0.333376382785E-09 -0.169364103328E-04 -0.267443414777E-06 -0.227699170272E-09  0.157443244510E-04  0.254082542104E-06  0.172903172087E-08  0.874562112081E-09 -0.763674779578E-10  0.221047320474E-09 -0.440885472148E-09  0.114613756730E-08 -0.752241591657E-04  0.839575086846E-05 -0.165090573473E-04
 -0.123131879711E-04  0.385454975912E-03  0.764082301089E-04  0.395296161663E-05  0.217979271219E-03 -0.238167002137E-03 -0.143807689073E-04  0.199165261457E-05 -0.115207480865E-03 -0.187577923279E-04 -0.894330882693E-06  0.971980451169E-04  0.289260350524E-03 -0.185587673257E-03 -0.572672389277E-05 -0.192962508699E-02 -0.685067905087E-01 -0.196299976254E-02 -0.199813234501E-04 -0.292386100985E-04 -0.259161913410E-03  0.485347667635E-04  0.185352066592E-05 -0.325178429036E-03 -0.366311822123E-03  0.260325203829E-02 -0.121295357510E-01 -0.207266517397E-07  0.254629594403E-03  0.382472234046E-05 -0.511855635718E-07 -0.275312460583E-04 -0.658020120061E-07  0.105432509786E-07  0.197624722780E-03  0.329270924933E-05  0.116880154524E-06  0.441802412346E-07 -0.726936859035E-08  0.145004044131E-07 -0.132734488975E-07  0.118923110569E-06 -0.846590852880E-03  0.143300367443E-03 -0.447442903845E-03
  0.476699504492E-04  0.294801192950E-03 -0.238204153086E-03 -0.114262529305E-04 -0.238167002137E-03  0.129613155513E-02  0.564044805052E-04 -0.792419603161E-05  0.203262742843E-03  0.646503915867E-04  0.287127639668E-05 -0.136580541038E-03 -0.476909275545E-02  0.975244485617E-04  0.527188300578E-05  0.252498417611E-02  0.206039827651E+00  0.781248843594E-02  0.113034114378E-03  0.342881945580E-04  0.235203281653E-03 -0.136225136700E-03 -0.623975948941E-05 -0.388866847959E-02 -0.269094786082E-04  0.291805091201E-02  0.703723036701E-01  0.375963031817E-06 -0.109633293855E-02 -0.177595366160E-04  0.219053902954E-06  0.115081602053E-02  0.185556688271E-04 -0.197709453849E-06 -0.813260554714E-03 -0.142192440454E-04  0.141331354916E-06 -0.143895497923E-06  0.749410792968E-08  0.885456637355E-08  0.166203552535E-07 -0.340671112162E-07  0.330540847795E-02  0.608586762802E-03  0.193434263682E-02
  0.241656631916E-05  0.316415009250E-04 -0.131903391802E-04 -0.904510106366E-06 -0.143807689073E-04  0.564044805052E-04  0.380632345071E-05 -0.427876439370E-06  0.380678075912E-05  0.327951192650E-05  0.198742628493E-06 -0.881759912696E-05 -0.325196965385E-03  0.127521890033E-04  0.581583772049E-06  0.176556736926E-03  0.124736764863E-01  0.540870858266E-03  0.836221096713E-05  0.252277150391E-05  0.666833212297E-04 -0.628577143999E-05 -0.321499090380E-06 -0.173425658922E-03  0.618295791401E-04 -0.366867216697E-03  0.411691949568E-02  0.106815406101E-07 -0.739937003731E-04 -0.120859061697E-05  0.726342356301E-08  0.817857393767E-04  0.132703702541E-05 -0.524397786807E-08 -0.681448008043E-04 -0.111605407132E-05 -0.128622251183E-08 -0.708372811216E-08  0.300394965208E-09 -0.598799549748E-09  0.169661273873E-08 -0.446606342121E-08  0.317009018781E-03 -0.137410847785E-04  0.103743225126E-03
 -0.255368365934E-05 -0.130436772877E-03 -0.277154455576E-05  0.429883002543E-07  0.199165261457E-05 -0.792419603161E-05 -0.427876439370E-06  0.506965523965E-06  0.250953461896E-04  0.527007925421E-06 -0.878883060086E-08  0.344300493088E-05  0.268552066056E-03  0.155604515434E-04  0.611769270851E-06  0.122511044718E-04  0.278357660665E-05 -0.900316994120E-05 -0.859568086397E-07 -0.923809844558E-06 -0.591449478019E-04 -0.267884584998E-05 -0.919692216345E-07 -0.121907680630E-04 -0.946062483750E-05 -0.305111770199E-05 -0.154031353570E-02 -0.111246850972E-07 -0.194471620161E-06 -0.842666217696E-08 -0.618889592507E-08 -0.779453475704E-05 -0.131510879776E-06  0.552938286324E-08  0.392638130055E-05  0.568176707758E-07 -0.229898098485E-08  0.428700036872E-08 -0.320566381736E-09  0.409058653473E-10 -0.709495743771E-09  0.216833029959E-08 -0.730200485744E-07  0.115790868589E-04 -0.252533626569E-04
 -0.114688796108E-03 -0.175255298242E-01 -0.817412411897E-03 -0.794547846619E-05 -0.115207480865E-03  0.203262742843E-03  0.380678075912E-05  0.250953461896E-04  0.336879279986E-02  0.166619390792E-03  0.224392043612E-05  0.627350798770E-04  0.242528247714E-01  0.189987012756E-02  0.620514089362E-04  0.274447478338E-02  0.106877541471E+00  0.333553969377E-02  0.475874728261E-04 -0.251228136410E-04 -0.661639338144E-02 -0.508734559774E-03 -0.162617382509E-04  0.905422334932E-01  0.384320535088E-02 -0.203627749459E-02 -0.595605306337E-01 -0.105899261758E-05 -0.103468564599E-02 -0.159328789024E-04 -0.476928444141E-06 -0.345891191777E-03 -0.709641930941E-05  0.489689349501E-06 -0.168923366799E-03 -0.323331441521E-05 -0.218115998283E-06  0.229387580789E-06 -0.125701483081E-07  0.464122385237E-07 -0.679512985597E-07  0.920935553680E-07  0.382934390009E-03 -0.769010120444E-03 -0.120489685894E-02
 -0.195516886541E-05 -0.792304513485E-03 -0.561211468807E-04 -0.118200745514E-05 -0.187577923279E-04  0.646503915867E-04  0.327951192650E-05  0.527007925421E-06  0.166619390792E-03  0.124365663304E-04  0.312299784955E-06 -0.639258736275E-05  0.832465670167E-03  0.103696198263E-03  0.348655993563E-05  0.255365757896E-03  0.145612480242E-01  0.544407855446E-03  0.779970118003E-05  0.165978973072E-05 -0.264126387419E-03 -0.329535315761E-04 -0.118258080283E-05  0.435734027320E-02  0.271832880710E-03 -0.251466268910E-03  0.100762601611E-02 -0.247945084471E-07 -0.122772769986E-03 -0.196459332631E-05 -0.690073909080E-08  0.502702449896E-04  0.758548273669E-06  0.109901956467E-07 -0.566005973473E-04 -0.962154647406E-06 -0.713117935584E-08  0.128013809267E-09 -0.122174183826E-10  0.162812597884E-08 -0.110266937532E-09 -0.266545993911E-08  0.222690025767E-03 -0.614779053892E-04  0.227887768559E-04
  0.547132157667E-07 -0.791328984577E-05 -0.126002553478E-05 -0.602080077364E-07 -0.894330882693E-06  0.287127639668E-05  0.198742628493E-06 -0.878883060086E-08  0.224392043612E-05  0.312299784955E-06  0.143856764141E-07 -0.497180535887E-06 -0.472095593467E-05  0.220162094452E-05  0.856607216908E-07  0.110866461399E-04  0.675594173859E-03  0.272967390603E-04  0.385347817862E-06  0.157838309874E-06  0.102428571884E-05 -0.716470919418E-06 -0.316812330893E-07  0.215036172738E-04  0.599755070225E-05 -0.291582082132E-04  0.140441135453E-03  0.111108995962E-09 -0.520427298370E-05 -0.852089305155E-07  0.240192277998E-09  0.446150060922E-05  0.719400010350E-07 -0.482590199665E-10 -0.353844841881E-05 -0.580039052179E-07 -0.284984530426E-09 -0.320174729028E-09  0.217977342079E-10 -0.248807350874E-10  0.117316421481E-09 -0.334738423493E-09  0.172513953705E-04 -0.225895816116E-05  0.395157280781E-05
 -0.150405549111E-04 -0.196471336716E-03  0.321109826891E-04  0.239193816064E-05  0.971980451169E-04 -0.136580541038E-03 -0.881759912696E-05  0.344300493088E-05  0.627350798770E-04 -0.639258736275E-05 -0.497180535887E-06  0.802958029944E-04  0.286964918550E-02  0.194418345922E-04 -0.512841665606E-06 -0.828671826845E-03 -0.323220506050E-01 -0.990624675068E-03 -0.117030980137E-04 -0.271839464778E-04 -0.117107071684E-02 -0.233905453112E-04 -0.180607931245E-06 -0.215598277960E-03 -0.237945331863E-03  0.175732357239E-02 -0.300748740732E-02 -0.128672919814E-07  0.679156206400E-04  0.119981613772E-05 -0.194208016637E-07 -0.849901826630E-04 -0.152125704031E-05  0.577898211549E-08  0.936620479066E-04  0.156365157027E-05  0.435367087680E-07  0.251636108081E-07 -0.268016388573E-08  0.403811987909E-08 -0.884057984504E-08  0.404926481596E-07 -0.361383806018E-03 -0.206709248732E-03 -0.232862670518E-03
 -0.111085192525E-02 -0.121165394923E+00 -0.391979142357E-02  0.447218085280E-04  0.289260350524E-03 -0.476909275545E-02 -0.325196965385E-03  0.268552066056E-03  0.242528247714E-01  0.832465670167E-03 -0.472095593467E-05  0.286964918550E-02  0.350919226304E+00  0.168788124258E-01  0.379351559449E-03  0.132584237026E-01 -0.413218081657E+00 -0.303706853781E-01 -0.687022425589E-03 -0.107398550743E-02 -0.113052518448E+00 -0.566293964340E-02 -0.133469461069E-03  0.820877852928E+00  0.263136355331E-01  0.257942999097E-01 -0.923325297128E-02 -0.163096295876E-04  0.723650467519E-03  0.346037291970E-04 -0.817190732103E-05 -0.103735918409E-01 -0.195054814166E-03  0.784841130097E-05  0.358196749622E-02  0.617729491268E-04 -0.377412143479E-05  0.201397744264E-05  0.935191938548E-07  0.396416898944E-06 -0.973032481451E-06  0.195784006453E-05 -0.272744524552E-01 -0.404544559305E-01 -0.102877428272E-01
 -0.737580293344E-04 -0.987514395275E-02 -0.507329165687E-03 -0.935835313701E-05 -0.185587673257E-03  0.975244485617E-04  0.127521890033E-04  0.155604515434E-04  0.189987012756E-02  0.103696198263E-03  0.220162094452E-05  0.194418345922E-04  0.168788124258E-01  0.148602025911E-02  0.482279729011E-04  0.286611306142E-02  0.848398672729E-01  0.238781141768E-02  0.159084510297E-04 -0.456474858839E-05 -0.417311461844E-02 -0.372205763944E-03 -0.121283676840E-04  0.447813314989E-01  0.270679699682E-02 -0.741493430538E-02 -0.302201741675E-01 -0.826419294939E-06 -0.700223780273E-03 -0.996195302648E-05 -0.389602670556E-06 -0.460273447293E-05 -0.155875837044E-05  0.406215140260E-06 -0.319630447241E-03 -0.504374177934E-05 -0.300882288301E-06  0.100022456995E-06  0.237995650494E-08  0.434928345179E-08 -0.236677496452E-07  0.161480715208E-07  0.143323135660E-02 -0.167338365100E-02 -0.381462153342E-03
 -0.342117675678E-05 -0.337039150525E-03 -0.176732731291E-04 -0.392039208231E-06 -0.572672389277E-05  0.527188300578E-05  0.581583772049E-06  0.611769270851E-06  0.620514089362E-04  0.348655993563E-05  0.856607216908E-07 -0.512841665606E-06  0.379351559449E-03  0.482279729011E-04  0.207773585933E-05  0.815332422606E-04  0.305238226087E-02  0.102474710249E-03  0.123847132757E-05  0.768167328220E-06 -0.377590405989E-04 -0.832199606225E-05 -0.391103866063E-06  0.386082919773E-03  0.439294591985E-04 -0.259771728613E-03 -0.322985720149E-02 -0.126939214216E-07 -0.226138506893E-04 -0.331426709502E-06 -0.597428480891E-08  0.461647231243E-05  0.427337355294E-07  0.656855191174E-08 -0.959364383199E-05 -0.159822407158E-06 -0.651559458068E-08  0.380064389673E-08 -0.627998960924E-09 -0.312532059834E-09  0.169171482252E-09 -0.995014715100E-09  0.654219736277E-04  0.385794860142E-04 -0.301200884171E-04
 -0.444224133363E-04 -0.117271295053E-01 -0.101972639907E-02 -0.467105407873E-04 -0.192962508699E-02  0.252498417611E-02  0.176556736926E-03  0.122511044718E-04  0.274447478338E-02  0.255365757896E-03  0.110866461399E-04 -0.828671826845E-03  0.132584237026E-01  0.286611306142E-02  0.815332422606E-04  0.263645144410E-01  0.106643315722E+01  0.355661747093E-01  0.473731551511E-03  0.267445644580E-03 -0.997442220572E-03 -0.767264583026E-03 -0.273575833897E-04  0.424934690465E-01  0.523645390508E-02 -0.321523646319E-01  0.210814622106E+00 -0.292038703784E-05 -0.351482272726E-02 -0.601021255323E-04 -0.125410428178E-05  0.315968489134E-02  0.529875194003E-04  0.142528052445E-05 -0.362095000366E-02 -0.609014065181E-04 -0.167010033348E-05 -0.106293797845E-06  0.688417292173E-07 -0.616644906335E-07 -0.166248640169E-08 -0.349496000193E-06  0.195165614783E-01 -0.467211346070E-02  0.516397194238E-02
  0.145017009231E-02 -0.239763561692E+00 -0.522044386379E-01 -0.276911385378E-02 -0.685067905087E-01  0.206039827651E+00  0.124736764863E-01  0.278357660665E-05  0.106877541471E+00  0.145612480242E-01  0.675594173859E-03 -0.323220506050E-01 -0.413218081657E+00  0.848398672729E-01  0.305238226087E-02  0.106643315722E+01  0.671541668433E+02  0.272750422676E+01  0.442634114061E-01  0.939828766799E-02  0.614792311421E-02 -0.378764252735E-01 -0.158984214930E-02 -0.190052257788E+01  0.100796928613E+00 -0.802121572509E+00  0.161982152682E+02  0.393680515481E-04 -0.367050747722E+00 -0.631454414929E-02  0.302497041492E-04  0.361555668406E+00  0.615415738928E-02 -0.203343587294E-04 -0.295415613889E+00 -0.500775615016E-02 -0.120145439919E-04 -0.176882184496E-04  0.400485090253E-06 -0.350315799471E-05  0.500555178659E-05 -0.239663269933E-04  0.176287128643E+01 -0.196426830852E-01  0.331290513022E+00
  0.107191531511E-03 -0.393283165888E-02 -0.191752574392E-02 -0.115202519733E-03 -0.196299976254E-02  0.781248843594E-02  0.540870858266E-03 -0.900316994120E-05  0.333553969377E-02  0.544407855446E-03  0.272967390603E-04 -0.990624675068E-03 -0.303706853781E-01  0.238781141768E-02  0.102474710249E-03  0.355661747093E-01  0.272750422676E+01  0.124889372742E+00  0.221186024825E-02  0.269144823592E-03  0.140823354482E-02 -0.134684153359E-02 -0.604773684813E-04 -0.107774462441E+00  0.427587440348E-02 -0.388809123755E-01  0.732070055999E+00  0.324592181541E-05 -0.181598305172E-01 -0.308594388822E-03  0.200396398009E-05  0.184347534848E-01  0.310262089284E-03 -0.161820396439E-05 -0.141784465293E-01 -0.235900706519E-03  0.194172629074E-06 -0.782158907985E-06 -0.100398449021E-06 -0.153391571397E-06  0.256956723196E-06 -0.953879448918E-06  0.887756816372E-01  0.359785716115E-02  0.116710030795E-01
  0.128193957068E-05 -0.287396031065E-04 -0.265046503375E-04 -0.161832655037E-05 -0.199813234501E-04  0.113034114378E-03  0.836221096713E-05 -0.859568086397E-07  0.475874728261E-04  0.779970118003E-05  0.385347817862E-06 -0.117030980137E-04 -0.687022425589E-03  0.159084510297E-04  0.123847132757E-05  0.473731551511E-03  0.442634114061E-01  0.221186024825E-02  0.424166692458E-04  0.305956011508E-05  0.609492730424E-04 -0.158753338998E-04 -0.835368513380E-06 -0.251294023769E-02  0.192180852856E-04 -0.437030391451E-03  0.114691485634E-01  0.782703327605E-07 -0.319545356896E-03 -0.544209365754E-05  0.446146714221E-07  0.329487587094E-03  0.555908582412E-05 -0.389333784740E-07 -0.244105877072E-03 -0.404404524529E-05  0.143319172593E-07 -0.116745528269E-07 -0.400422398552E-08 -0.245196542793E-08  0.447610290102E-08 -0.150933354712E-07  0.162932397140E-02  0.233496859637E-03  0.122321516335E-03
  0.262430794755E-05  0.203727541306E-04 -0.107579582372E-04 -0.795558652210E-06 -0.292386100985E-04  0.342881945580E-04  0.252277150391E-05 -0.923809844558E-06 -0.251228136410E-04  0.165978973072E-05  0.157838309874E-06 -0.271839464778E-04 -0.107398550743E-02 -0.456474858839E-05  0.768167328220E-06  0.267445644580E-03  0.939828766799E-02  0.269144823592E-03  0.305956011508E-05  0.107252068040E-04  0.553843472252E-03  0.154747796839E-04  0.166614984695E-06 -0.871873281395E-03  0.427607785499E-04 -0.669033551620E-03 -0.228117863375E-02 -0.417550204221E-08  0.217695502767E-04  0.326234136367E-06 -0.215533577038E-09  0.226848698825E-04  0.435503975790E-06  0.281407964728E-08 -0.198289398985E-04 -0.337935687893E-06 -0.167330962986E-07 -0.655709891215E-08  0.221188987107E-09 -0.171571650642E-08  0.316737859760E-08 -0.998911083974E-08  0.902386159839E-04  0.148032591021E-03  0.403812265541E-04
  0.110623184589E-03  0.229278594933E-01  0.799364239239E-03 -0.206957064355E-04 -0.259161913410E-03  0.235203281653E-03  0.666833212297E-04 -0.591449478019E-04 -0.661639338144E-02 -0.264126387419E-03  0.102428571884E-05 -0.117107071684E-02 -0.113052518448E+00 -0.417311461844E-02 -0.377590405989E-04 -0.997442220572E-03  0.614792311421E-02  0.140823354482E-02  0.609492730424E-04  0.553843472252E-03  0.512668322461E-01  0.247011168992E-02  0.527193255538E-04 -0.244484403316E+00 -0.695602025586E-02 -0.308019148301E-01 -0.358116894388E+00  0.273588813155E-05  0.558407773884E-02  0.863295089148E-04  0.112711382830E-05  0.841146612063E-03  0.211640389517E-04 -0.125636895986E-05  0.288095844209E-03  0.441852698390E-05  0.316690274326E-06 -0.203334438584E-06 -0.727594020014E-07 -0.150078820331E-06  0.221115586110E-06 -0.248417082140E-06  0.163507508434E-02  0.186445897503E-01 -0.570533152068E-03
  0.456486528300E-05  0.192215080864E-02  0.123777680761E-03  0.214329614948E-05  0.485347667635E-04 -0.136225136700E-03 -0.628577143999E-05 -0.267884584998E-05 -0.508734559774E-03 -0.329535315761E-04 -0.716470919418E-06 -0.233905453112E-04 -0.566293964340E-02 -0.372205763944E-03 -0.832199606225E-05 -0.767264583026E-03 -0.378764252735E-01 -0.134684153359E-02 -0.158753338998E-04  0.154747796839E-04  0.247011168992E-02  0.168143051860E-03  0.461927453660E-05 -0.141356352566E-01 -0.717715968328E-03  0.117186169964E-03 -0.206828595755E-01  0.135340940718E-06  0.580195801773E-03  0.921026201114E-05  0.440122735144E-07 -0.177872914266E-03 -0.253379439162E-05 -0.628673885025E-07  0.188450458434E-03  0.310919604247E-05  0.401786575343E-07  0.699541460720E-08 -0.463273670773E-08 -0.520086095228E-08  0.397975316263E-08  0.123813873593E-07 -0.831487160614E-03  0.100129906515E-02 -0.190943280496E-03
  0.305363816759E-06  0.644955778619E-04  0.461690354351E-05  0.109079181821E-06  0.185352066592E-05 -0.623975948941E-05 -0.321499090380E-06 -0.919692216345E-07 -0.162617382509E-04 -0.118258080283E-05 -0.316812330893E-07 -0.180607931245E-06 -0.133469461069E-03 -0.121283676840E-04 -0.391103866063E-06 -0.273575833897E-04 -0.158984214930E-02 -0.604773684813E-04 -0.835368513380E-06  0.166614984695E-06  0.527193255538E-04  0.461927453660E-05  0.155092858487E-06 -0.228691607874E-03 -0.152911909174E-04  0.127739036638E-04 -0.274171267342E-03  0.141306977084E-08  0.188504480278E-04  0.302992762992E-06  0.409238249070E-10 -0.884754295884E-05 -0.137423354851E-06 -0.646008429723E-09  0.717369800130E-05  0.120791501791E-06  0.698154530762E-09  0.365283401581E-09 -0.110093412165E-10 -0.667299824147E-10 -0.102051689800E-09  0.728261642248E-09 -0.367374129201E-04  0.122220373157E-04 -0.451015156951E-05
  0.763419488295E-03 -0.575791621929E+00 -0.268461487355E-01 -0.103078930068E-03 -0.325178429036E-03 -0.388866847959E-02 -0.173425658922E-03 -0.121907680630E-04  0.905422334932E-01  0.435734027320E-02  0.215036172738E-04 -0.215598277960E-03  0.820877852928E+00  0.447813314989E-01  0.386082919773E-03  0.424934690465E-01 -0.190052257788E+01 -0.107774462441E+00 -0.251294023769E-02 -0.871873281395E-03 -0.244484403316E+00 -0.141356352566E-01 -0.228691607874E-03  0.760957707332E+01  0.322462550897E+00 -0.179139064440E+00  0.246233933185E+01 -0.909914673343E-04  0.417989378310E-01  0.777847320928E-03 -0.459052922778E-04 -0.473984467103E-01 -0.871348428278E-03  0.424581976376E-04  0.916808283480E-02  0.194843777435E-03 -0.177078635437E-04  0.722743107305E-05  0.114636150453E-05  0.365839261209E-05 -0.659425915057E-05  0.137546401605E-04 -0.201390252188E+00 -0.218274374068E+00 -0.455318278032E-02
  0.726355078295E-04 -0.242515642138E-01 -0.161726001849E-02 -0.305396745328E-04 -0.366311822123E-03 -0.269094786082E-04  0.618295791401E-04 -0.946062483750E-05  0.384320535088E-02  0.271832880710E-03  0.599755070225E-05 -0.237945331863E-03  0.263136355331E-01  0.270679699682E-02  0.439294591985E-04  0.523645390508E-02  0.100796928613E+00  0.427587440348E-02  0.192180852856E-04  0.427607785499E-04 -0.695602025586E-02 -0.717715968328E-03 -0.152911909174E-04  0.322462550897E+00  0.201381047259E-01 -0.361098642954E-01  0.147014848857E+00 -0.312136865971E-05 -0.112390938702E-03  0.257853968021E-05 -0.150275877985E-05 -0.717442005671E-03 -0.161764034625E-04  0.150087948099E-05 -0.127182269168E-02 -0.174439660252E-04 -0.984983428101E-06  0.181433701876E-06  0.734829058598E-07  0.595127663462E-07 -0.124638824004E-06  0.233770257019E-06  0.105798255041E-03 -0.130547877028E-01  0.684467268749E-03
  0.104802009985E-03  0.242469252145E-01  0.194894130257E-02  0.173546824815E-03  0.260325203829E-02  0.291805091201E-02 -0.366867216697E-03 -0.305111770199E-05 -0.203627749459E-02 -0.251466268910E-03 -0.291582082132E-04  0.175732357239E-02  0.257942999097E-01 -0.741493430538E-02 -0.259771728613E-03 -0.321523646319E-01 -0.802121572509E+00 -0.388809123755E-01 -0.437030391451E-03 -0.669033551620E-03 -0.308019148301E-01  0.117186169964E-03  0.127739036638E-04 -0.179139064440E+00 -0.361098642954E-01  0.277996859598E+00  0.159429889499E+00  0.822410471039E-05  0.871556052315E-02  0.128945491228E-03  0.389776617014E-05 -0.833780872319E-02 -0.122261416336E-03 -0.428348162674E-05  0.932272030691E-02  0.133446335841E-03  0.510517366929E-05 -0.513680583971E-06 -0.868404094622E-07  0.366497997839E-06 -0.193238302959E-06  0.874548807264E-06 -0.566019055931E-01  0.221886465359E-01 -0.146618568679E-02
  0.106075633623E-01  0.522521509290E+00  0.641010842934E-02 -0.412546070021E-03 -0.121295357510E-01  0.703723036701E-01  0.411691949568E-02 -0.154031353570E-02 -0.595605306337E-01  0.100762601611E-02  0.140441135453E-03 -0.300748740732E-02 -0.923325297128E-02 -0.302201741675E-01 -0.322985720149E-02  0.210814622106E+00  0.161982152682E+02  0.732070055999E+00  0.114691485634E-01 -0.228117863375E-02 -0.358116894388E+00 -0.206828595755E-01 -0.274171267342E-03  0.246233933185E+01  0.147014848857E+00  0.159429889499E+00  0.196945342665E+02 -0.883870998736E-05 -0.123319188835E+00 -0.205469986195E-02 -0.428282987993E-06  0.135106514763E+00  0.220557678250E-02  0.295354265848E-05 -0.106289820604E+00 -0.172010708611E-02 -0.153136163819E-05 -0.186859370842E-04  0.319200140549E-05  0.100160011700E-05 -0.581092746979E-06 -0.840642527114E-06  0.478526143047E+00 -0.417149439984E+00  0.242875860849E+00
  0.596761198962E-07  0.767242581013E-05  0.196492192705E-06  0.254884615858E-09 -0.207266517397E-07  0.375963031817E-06  0.106815406101E-07 -0.111246850972E-07 -0.105899261758E-05 -0.247945084471E-07  0.111108995962E-09 -0.128672919814E-07 -0.163096295876E-04 -0.826419294939E-06 -0.126939214216E-07 -0.292038703784E-05  0.393680515481E-04  0.324592181541E-05  0.782703327605E-07 -0.417550204221E-08  0.273588813155E-05  0.135340940718E-06  0.141306977084E-08 -0.909914673343E-04 -0.312136865971E-05  0.822410471039E-05 -0.883870998736E-05  0.674491903676E-08 -0.132183268024E-05 -0.241128731931E-07  0.212140697390E-08  0.156752287659E-06  0.507742598499E-08 -0.189354382195E-08 -0.395272869765E-06 -0.773696425038E-08  0.782729142186E-09 -0.273471828095E-09 -0.116797281888E-10 -0.128385854811E-09  0.166702386439E-09 -0.843255694493E-09  0.355374692827E-05  0.268052924726E-05  0.266200734835E-06
 -0.486324336355E-04 -0.177923740651E-02  0.224473692036E-03  0.172978368427E-04  0.254629594403E-03 -0.109633293855E-02 -0.739937003731E-04 -0.194471620161E-06 -0.103468564599E-02 -0.122772769986E-03 -0.520427298370E-05  0.679156206400E-04  0.723650467519E-03 -0.700223780273E-03 -0.226138506893E-04 -0.351482272726E-02 -0.367050747722E+00 -0.181598305172E-01 -0.319545356896E-03  0.217695502767E-04  0.558407773884E-02  0.580195801773E-03  0.188504480278E-04  0.417989378310E-01 -0.112390938702E-03  0.871556052315E-02 -0.123319188835E+00 -0.132183268024E-05  0.448941477780E-01  0.734509063875E-03 -0.443238636824E-05 -0.494397508412E-02 -0.809451486434E-04  0.657733426382E-06  0.251044683608E-02  0.409383873894E-04 -0.205090937223E-06  0.209450393161E-06  0.175945450724E-07  0.874943370512E-08 -0.153907926494E-06  0.400773371865E-05 -0.186006003638E-01  0.858761274819E-03 -0.177089547447E-02
 -0.776794579337E-06 -0.384283135300E-04  0.317946560501E-05  0.275010584849E-06  0.382472234046E-05 -0.177595366160E-04 -0.120859061697E-05 -0.842666217696E-08 -0.159328789024E-04 -0.196459332631E-05 -0.852089305155E-07  0.119981613772E-05  0.346037291970E-04 -0.996195302648E-05 -0.331426709502E-06 -0.601021255323E-04 -0.631454414929E-02 -0.308594388822E-03 -0.544209365754E-05  0.326234136367E-06  0.863295089148E-04  0.921026201114E-05  0.302992762992E-06  0.777847320928E-03  0.257853968021E-05  0.128945491228E-03 -0.205469986195E-02 -0.241128731931E-07  0.734509063875E-03  0.120721962603E-04 -0.742721179571E-07 -0.823737859244E-04 -0.137144047344E-05  0.119817074472E-07  0.417626277084E-04  0.685856720245E-06 -0.395071972151E-08  0.333061741247E-08  0.266570673457E-09  0.192523068643E-09 -0.264541009852E-08  0.664374639039E-07 -0.308575466111E-03  0.135445842679E-04 -0.296627282332E-04
  0.354311582630E-07  0.388382966767E-05  0.887757605393E-07 -0.333376382785E-09 -0.511855635718E-07  0.219053902954E-06  0.726342356301E-08 -0.618889592507E-08 -0.476928444141E-06 -0.690073909080E-08  0.240192277998E-09 -0.194208016637E-07 -0.817190732103E-05 -0.389602670556E-06 -0.597428480891E-08 -0.125410428178E-05  0.302497041492E-04  0.200396398009E-05  0.446146714221E-07 -0.215533577038E-09  0.112711382830E-05  0.440122735144E-07  0.409238249070E-10 -0.459052922778E-04 -0.150275877985E-05  0.389776617014E-05 -0.428282987993E-06  0.212140697390E-08 -0.443238636824E-05 -0.742721179571E-07  0.187006515095E-08  0.112716109180E-06  0.313639505313E-08 -0.103615637638E-08 -0.245023331625E-06 -0.465813931722E-08  0.394382408892E-09 -0.170209866658E-09 -0.457034172868E-11 -0.607020384427E-10  0.102115052095E-09 -0.120058452610E-08  0.202183916960E-05  0.127625463910E-05  0.197287899508E-06
  0.472634217647E-04  0.516026740069E-02 -0.295252428586E-04 -0.169364103328E-04 -0.275312460583E-04  0.115081602053E-02  0.817857393767E-04 -0.779453475704E-05 -0.345891191777E-03  0.502702449896E-04  0.446150060922E-05 -0.849901826630E-04 -0.103735918409E-01 -0.460273447293E-05  0.461647231243E-05  0.315968489134E-02  0.361555668406E+00  0.184347534848E-01  0.329487587094E-03  0.226848698825E-04  0.841146612063E-03 -0.177872914266E-03 -0.884754295884E-05 -0.473984467103E-01 -0.717442005671E-03 -0.833780872319E-02  0.135106514763E+00  0.156752287659E-06 -0.494397508412E-02 -0.823737859244E-04  0.112716109180E-06  0.540421600028E-01  0.882761282499E-03 -0.303645538072E-05 -0.248061313143E-02 -0.404151497959E-04  0.152738330290E-06 -0.150725660586E-05 -0.216990475759E-07  0.298897471335E-05  0.303461273763E-05  0.757182856747E-07  0.182744741867E-01  0.874017488585E-05  0.221952581727E-02
  0.770069610012E-06  0.936948129156E-04 -0.163381964434E-07 -0.267443414777E-06 -0.658020120061E-07  0.185556688271E-04  0.132703702541E-05 -0.131510879776E-06 -0.709641930941E-05  0.758548273669E-06  0.719400010350E-07 -0.152125704031E-05 -0.195054814166E-03 -0.155875837044E-05  0.427337355294E-07  0.529875194003E-04  0.615415738928E-02  0.310262089284E-03  0.555908582412E-05  0.435503975790E-06  0.211640389517E-04 -0.253379439162E-05 -0.137423354851E-06 -0.871348428278E-03 -0.161764034625E-04 -0.122261416336E-03  0.220557678250E-02  0.507742598499E-08 -0.809451486434E-04 -0.137144047344E-05  0.313639505313E-08  0.882761282499E-03  0.145009687364E-04 -0.510002905814E-07 -0.409618847301E-04 -0.672027336296E-06  0.315046379672E-08 -0.323481634926E-07 -0.341422175107E-09  0.489429238484E-07  0.498578119413E-07  0.890642471455E-09  0.301498212863E-03  0.185011709829E-05  0.365417398630E-04
 -0.301194320002E-07 -0.361034731699E-05 -0.916361294523E-07 -0.227699170272E-09  0.105432509786E-07 -0.197709453849E-06 -0.524397786807E-08  0.552938286324E-08  0.489689349501E-06  0.109901956467E-07 -0.482590199665E-10  0.577898211549E-08  0.784841130097E-05  0.406215140260E-06  0.656855191174E-08  0.142528052445E-05 -0.203343587294E-04 -0.161820396439E-05 -0.389333784740E-07  0.281407964728E-08 -0.125636895986E-05 -0.628673885025E-07 -0.646008429723E-09  0.424581976376E-04  0.150087948099E-05 -0.428348162674E-05  0.295354265848E-05 -0.189354382195E-08  0.657733426382E-06  0.119817074472E-07 -0.103615637638E-08 -0.303645538072E-05 -0.510002905814E-07  0.152312431249E-08  0.189834196203E-06  0.374561080562E-08 -0.385494422934E-09 -0.173360812556E-09  0.561054116404E-11 -0.546306783623E-09 -0.681706682079E-09  0.412621485674E-09 -0.167728724092E-05 -0.130710572411E-05 -0.145653219821E-06
 -0.305957927855E-04 -0.804008345522E-03  0.191288683279E-03  0.157443244510E-04  0.197624722780E-03 -0.813260554714E-03 -0.681448008043E-04  0.392638130055E-05 -0.168923366799E-03 -0.566005973473E-04 -0.353844841881E-05  0.936620479066E-04  0.358196749622E-02 -0.319630447241E-03 -0.959364383199E-05 -0.362095000366E-02 -0.295415613889E+00 -0.141784465293E-01 -0.244105877072E-03 -0.198289398985E-04  0.288095844209E-03  0.188450458434E-03  0.717369800130E-05  0.916808283480E-02 -0.127182269168E-02  0.932272030691E-02 -0.106289820604E+00 -0.395272869765E-06  0.251044683608E-02  0.417626277084E-04 -0.245023331625E-06 -0.248061313143E-02 -0.409618847301E-04  0.189834196203E-06  0.200751612993E+00  0.333185809780E-02 -0.208162819205E-04  0.113991500005E-06  0.443178200892E-05  0.245819332017E-07 -0.390572046724E-07  0.127985198431E-06 -0.115452700411E-01  0.139318496915E-02 -0.171836703713E-02
 -0.461566356819E-06 -0.124064526410E-04  0.320782956508E-05  0.254082542104E-06  0.329270924933E-05 -0.142192440454E-04 -0.111605407132E-05  0.568176707758E-07 -0.323331441521E-05 -0.962154647406E-06 -0.580039052179E-07  0.156365157027E-05  0.617729491268E-04 -0.504374177934E-05 -0.159822407158E-06 -0.609014065181E-04 -0.500775615016E-02 -0.235900706519E-03 -0.404404524529E-05 -0.337935687893E-06  0.441852698390E-05  0.310919604247E-05  0.120791501791E-06  0.194843777435E-03 -0.174439660252E-04  0.133446335841E-03 -0.172010708611E-02 -0.773696425038E-08  0.409383873894E-04  0.685856720245E-06 -0.465813931722E-08 -0.404151497959E-04 -0.672027336296E-06  0.374561080562E-08  0.333185809780E-02  0.555299856661E-04 -0.359471928052E-06  0.188980737527E-08  0.106010968171E-06  0.402940378912E-09 -0.662776379075E-09  0.216304084048E-08 -0.187976847765E-03  0.201668592629E-04 -0.287341033239E-04
  0.123139507053E-07  0.162570505057E-05  0.505777594916E-07  0.172903172087E-08  0.116880154524E-06  0.141331354916E-06 -0.128622251183E-08 -0.229898098485E-08 -0.218115998283E-06 -0.713117935584E-08 -0.284984530426E-09  0.435367087680E-07 -0.377412143479E-05 -0.300882288301E-06 -0.651559458068E-08 -0.167010033348E-05 -0.120145439919E-04  0.194172629074E-06  0.143319172593E-07 -0.167330962986E-07  0.316690274326E-06  0.401786575343E-07  0.698154530762E-09 -0.177078635437E-04 -0.984983428101E-06  0.510517366929E-05 -0.153136163819E-05  0.782729142186E-09 -0.205090937223E-06 -0.395071972151E-08  0.394382408892E-09  0.152738330290E-06  0.315046379672E-08 -0.385494422934E-09 -0.208162819205E-04 -0.359471928052E-06  0.551169050315E-08 -0.394828812722E-10 -0.464252529661E-08 -0.378110137324E-11  0.207055800513E-10 -0.480538890998E-10  0.295816911390E-06  0.883530113754E-06  0.126507789257E-07
 -0.222768713360E-07 -0.158529216426E-05 -0.274897626673E-07  0.874562112081E-09  0.441802412346E-07 -0.143895497923E-06 -0.708372811216E-08  0.428700036872E-08  0.229387580789E-06  0.128013809267E-09 -0.320174729028E-09  0.251636108081E-07  0.201397744264E-05  0.100022456995E-06  0.380064389673E-08 -0.106293797845E-06 -0.176882184496E-04 -0.782158907985E-06 -0.116745528269E-07 -0.655709891215E-08 -0.203334438584E-06  0.699541460720E-08  0.365283401581E-09  0.722743107305E-05  0.181433701876E-06 -0.513680583971E-06 -0.186859370842E-04 -0.273471828095E-09  0.209450393161E-06  0.333061741247E-08 -0.170209866658E-09 -0.150725660586E-05 -0.323481634926E-07 -0.173360812556E-09  0.113991500005E-06  0.188980737527E-08 -0.394828812722E-10  0.530852624006E-08 -0.269569243324E-11  0.314994155123E-09  0.289223073731E-09  0.890598154142E-10 -0.521802888583E-06 -0.517823039011E-07 -0.342389953945E-06
  0.217056510719E-08  0.833017525135E-07  0.928290976609E-09 -0.763674779578E-10 -0.726936859035E-08  0.749410792968E-08  0.300394965208E-09 -0.320566381736E-09 -0.125701483081E-07 -0.122174183826E-10  0.217977342079E-10 -0.268016388573E-08  0.935191938548E-07  0.237995650494E-08 -0.627998960924E-09  0.688417292173E-07  0.400485090253E-06 -0.100398449021E-06 -0.400422398552E-08  0.221188987107E-09 -0.727594020014E-07 -0.463273670773E-08 -0.110093412165E-10  0.114636150453E-05  0.734829058598E-07 -0.868404094622E-07  0.319200140549E-05 -0.116797281888E-10  0.175945450724E-07  0.266570673457E-09 -0.457034172868E-11 -0.216990475759E-07 -0.341422175107E-09  0.561054116404E-11  0.443178200892E-05  0.106010968171E-06 -0.464252529661E-08 -0.269569243324E-11  0.144975447605E-07 -0.157341819129E-12 -0.240737798082E-12 -0.182758797806E-11 -0.117218409071E-06 -0.213031121780E-06  0.719736642735E-07
  0.379939344569E-10 -0.263638647446E-06 -0.762935566643E-08  0.221047320474E-09  0.145004044131E-07  0.885456637355E-08 -0.598799549748E-09  0.409058653473E-10  0.464122385237E-07  0.162812597884E-08 -0.248807350874E-10  0.403811987909E-08  0.396416898944E-06  0.434928345179E-08 -0.312532059834E-09 -0.616644906335E-07 -0.350315799471E-05 -0.153391571397E-06 -0.245196542793E-08 -0.171571650642E-08 -0.150078820331E-06 -0.520086095228E-08 -0.667299824147E-10  0.365839261209E-05  0.595127663462E-07  0.366497997839E-06  0.100160011700E-05 -0.128385854811E-09  0.874943370512E-08  0.192523068643E-09 -0.607020384427E-10  0.298897471335E-05  0.489429238484E-07 -0.546306783623E-09  0.245819332017E-07  0.402940378912E-09 -0.378110137324E-11  0.314994155123E-09 -0.157341819129E-12  0.383698566973E-08  0.598930752020E-09  0.358731667995E-10 -0.208363980237E-06 -0.242732406522E-07 -0.120636106581E-08
  0.329892739819E-08  0.538647961118E-06  0.878644622771E-08 -0.440885472148E-09 -0.132734488975E-07  0.166203552535E-07  0.169661273873E-08 -0.709495743771E-09 -0.679512985597E-07 -0.110266937532E-09  0.117316421481E-09 -0.884057984504E-08 -0.973032481451E-06 -0.236677496452E-07  0.169171482252E-09 -0.166248640169E-08  0.500555178659E-05  0.256956723196E-06  0.447610290102E-08  0.316737859760E-08  0.221115586110E-06  0.397975316263E-08 -0.102051689800E-09 -0.659425915057E-05 -0.124638824004E-06 -0.193238302959E-06 -0.581092746979E-06  0.166702386439E-09 -0.153907926494E-06 -0.264541009852E-08  0.102115052095E-09  0.303461273763E-05  0.498578119413E-07 -0.681706682079E-09 -0.390572046724E-07 -0.662776379075E-09  0.207055800513E-10  0.289223073731E-09 -0.240737798082E-12  0.598930752020E-09  0.706332887486E-08 -0.539376814616E-10  0.298324301062E-06  0.118063539189E-06  0.298531744658E-07
 -0.140653335331E-07 -0.108222023480E-05 -0.160309558259E-07  0.114613756730E-08  0.118923110569E-06 -0.340671112162E-07 -0.446606342121E-08  0.216833029959E-08  0.920935553680E-07 -0.266545993911E-08 -0.334738423493E-09  0.404926481596E-07  0.195784006453E-05  0.161480715208E-07 -0.995014715100E-09 -0.349496000193E-06 -0.239663269933E-04 -0.953879448918E-06 -0.150933354712E-07 -0.998911083974E-08 -0.248417082140E-06  0.123813873593E-07  0.728261642248E-09  0.137546401605E-04  0.233770257019E-06  0.874548807264E-06 -0.840642527114E-06 -0.843255694493E-09  0.400773371865E-05  0.664374639039E-07 -0.120058452610E-08  0.757182856747E-07  0.890642471455E-09  0.412621485674E-09  0.127985198431E-06  0.216304084048E-08 -0.480538890998E-10  0.890598154142E-10 -0.182758797806E-11  0.358731667995E-10 -0.539376814616E-10  0.553284495636E-08 -0.900087711354E-06 -0.166417532196E-06 -0.952517472690E-07
  0.397980605333E-04  0.918321447817E-02 -0.482706294409E-03 -0.752241591657E-04 -0.846590852880E-03  0.330540847795E-02  0.317009018781E-03 -0.730200485744E-07  0.382934390009E-03  0.222690025767E-03  0.172513953705E-04 -0.361383806018E-03 -0.272744524552E-01  0.143323135660E-02  0.654219736277E-04  0.195165614783E-01  0.176287128643E+01  0.887756816372E-01  0.162932397140E-02  0.902386159839E-04  0.163507508434E-02 -0.831487160614E-03 -0.367374129201E-04 -0.201390252188E+00  0.105798255041E-03 -0.566019055931E-01  0.478526143047E+00  0.355374692827E-05 -0.186006003638E-01 -0.308575466111E-03  0.202183916960E-05  0.182744741867E-01  0.301498212863E-03 -0.167728724092E-05 -0.115452700411E-01 -0.187976847765E-03  0.295816911390E-06 -0.521802888583E-06 -0.117218409071E-06 -0.208363980237E-06  0.298324301062E-06 -0.900087711354E-06  0.892686760291E-01 -0.109510501548E-02  0.519238359952E-02
 -0.138575629871E-03  0.197279667274E-02  0.233768223363E-03  0.839575086846E-05  0.143300367443E-03  0.608586762802E-03 -0.137410847785E-04  0.115790868589E-04 -0.769010120444E-03 -0.614779053892E-04 -0.225895816116E-05 -0.206709248732E-03 -0.404544559305E-01 -0.167338365100E-02  0.385794860142E-04 -0.467211346070E-02 -0.196426830852E-01  0.359785716115E-02  0.233496859637E-03  0.148032591021E-03  0.186445897503E-01  0.100129906515E-02  0.122220373157E-04 -0.218274374068E+00 -0.130547877028E-01  0.221886465359E-01 -0.417149439984E+00  0.268052924726E-05  0.858761274819E-03  0.135445842679E-04  0.127625463910E-05  0.874017488585E-05  0.185011709829E-05 -0.130710572411E-05  0.139318496915E-02  0.201668592629E-04  0.883530113754E-06 -0.517823039011E-07 -0.213031121780E-06 -0.242732406522E-07  0.118063539189E-06 -0.166417532196E-06 -0.109510501548E-02  0.333299513737E-01 -0.628398402554E-02
