(1) From Rard and Clegg, Table 2, JCT 1999, 31, 399-429

   mNaCl   mH2SO4
  5.09726  3.69694 
  5.52849  3.96541 
  5.88110  4.18241 
  4.97926  3.62396 



(2) These points from Table 1 of Joe's Lu2(SO4)3 paper (JCT 1996, 83-110)
were in the original model H2SO4-H2O:

    mH2SO4     mKCl
   0.44226   0.66692    1.00  298.15  19  0.  Joe's extra KCl points 
   0.45410   0.66699    1.00  298.15  19  0.                         
   0.48702   0.67086    1.00  298.15  19  0.                         

But the full set weren't:

    mKCl      mH2SO4  
   0.49161   0.44226  * already present
   0.50495   0.45410    " 
   0.54495   0.48702    "
   0.58117   0.51716 
   0.67903   0.59771 
   0.73746   0.64502 
   0.81230   0.70512 
   0.51550   0.46140 
   0.41139   0.37190 
   0.30111   0.27470 



(3) These data are from the bottom of Table 3 of Rard and Archer (JCED 1995, 40, 170-185)

 mNaCl    mH2SO4  
 6.2496   4.4197  
 5.9682   4.2431  
 5.6114   4.0255  
 5.6798   4.0669  




=========================================================================================


   mH2SO4       T           mH          mHSO4         mSO4      alpha
  0.00010000 273.150    0.000199136  0.000000864  0.000099136  0.99136345
  0.00020000 273.150    0.000396689  0.000003311  0.000196689  0.98344693
  0.00050000 273.150    0.000981115  0.000018885  0.000481115  0.96222912
  0.00100000 273.150    0.001932331  0.000067669  0.000932331  0.93233095
  0.00200000 273.150    0.003769613  0.000230387  0.001769613  0.88480656
  0.00500000 273.150    0.008949739  0.001050261  0.003949739  0.78994783
  0.01000000 273.150    0.016973165  0.003026835  0.006973165  0.69731655
  0.02000000 273.150    0.031928142  0.008071858  0.011928142  0.59640712
  0.05000000 273.150    0.073498008  0.026501992  0.023498008  0.46996017
  0.10000000 273.150    0.139237331  0.060762669  0.039237331  0.39237331
  0.20000000 273.150    0.267644350  0.132355650  0.067644350  0.33822175
  0.30000000 273.150    0.395895731  0.204104269  0.095895731  0.31965244
  0.40000000 273.150    0.525242140  0.274757860  0.125242140  0.31310535
  0.50000000 273.150    0.656047313  0.343952687  0.156047313  0.31209463
  0.60000000 273.150    0.788414645  0.411585355  0.188414645  0.31402441
  0.70000000 273.150    0.922348155  0.477651845  0.222348155  0.31764022
  0.80000000 273.150    1.057810981  0.542189019  0.257810981  0.32226373
  0.90000000 273.150    1.194750554  0.605249446  0.294750554  0.32750062
  1.00000000 273.150    1.333110205  0.666889795  0.333110205  0.33311020
  1.20000000 273.150    1.613870502  0.786129498  0.413870502  0.34489209
  1.40000000 273.150    1.899682917  0.900317083  0.499682917  0.35691637
  1.60000000 273.150    2.190167696  1.009832304  0.590167696  0.36885481
  1.80000000 273.150    2.484923199  1.115076801  0.684923199  0.38051289
  2.00000000 273.150    2.783461809  1.216538191  0.783461809  0.39173090
  2.20000000 273.150    3.085148143  1.314851857  0.885148143  0.40234007
  2.40000000 273.150    3.389150405  1.410849595  0.989150405  0.41214600
  2.60000000 273.150    3.694414988  1.505585012  1.094414988  0.42092884
  2.80000000 273.150    3.999672756  1.600327244  1.199672756  0.42845456
  3.00000000 273.150    4.303480604  1.696519396  1.303480604  0.43449353
  3.20000000 273.150    4.604294429  1.795705571  1.404294429  0.43884201
  3.40000000 273.150    4.900562006  1.899437994  1.500562006  0.44134177
  3.60000000 273.150    5.190819976  2.009180024  1.590819976  0.44189444
  3.80000000 273.150    5.473779845  2.126220155  1.673779845  0.44046838
  4.00000000 273.150    5.748392536  2.251607464  1.748392536  0.43709813
  4.20000000 273.150    6.013887107  2.386112893  1.813887107  0.43187788
  4.40000000 273.150    6.269784232  2.530215768  1.869784232  0.42495096
  4.60000000 273.150    6.515888114  2.684111886  1.915888114  0.41649742
  4.80000000 273.150    6.752261812  2.847738188  1.952261812  0.40672121
  5.00000000 273.150    6.979191204  3.020808796  1.979191204  0.39583824
  5.20000000 273.150    7.197142488  3.202857512  1.997142488  0.38406586
  5.40000000 273.150    7.406717551  3.393282449  2.006717551  0.37161436
  5.60000000 273.150    7.608610718  3.591389282  2.008610718  0.35868049
  5.80000000 273.150    7.803569487  3.796430513  2.003569487  0.34544301
  6.00000000 273.150    7.992360899  4.007639101  1.992360899  0.33206015

 Numbers of non-zero-weighted points of each type

 {delta}Hdil =   73
 EMF =  169
 Cp =   74
 Isopiestic =  263
 Alpha =   44


 SQ OSM  = 0.2438E+02   SQ ALPHA = 0.2260E+01   SQ EMF = 0.1702E+02
 SQ HDIL = 0.8294E+01   SQ PHICP = 0.5388E+01


  Covariance Matrix:

  0.1407782714963602E-04  0.6724807683200474E-03  0.1366820716879829E-04 -0.2015610406147720E-06 -0.1231318797113139E-04  0.4766995044923517E-04  0.2416566319162783E-05 -0.2553683659344890E-05 -0.1146887961078833E-03 -0.1955168865413552E-05  0.5471321576667073E-07 -0.1504055491112942E-04 -0.1110851925249959E-02 -0.7375802933440969E-04 -0.3421176756776586E-05 -0.4442241333631792E-04  0.1450170092313413E-02  0.1071915315109760E-03  0.1281939570677784E-05  0.2624307947549318E-05  0.1106231845888914E-03  0.4564865283000945E-05  0.3053638167591817E-06  0.7634194882949974E-03  0.7263550782945683E-04  0.1048020099849285E-03  0.1060756336228146E-01  0.5967611989616097E-07 -0.4863243363548614E-04 -0.7767945793366560E-06  0.3543115826300785E-07  0.4726342176471617E-04  0.7700696100117889E-06 -0.3011943200023861E-07 -0.3059579278548782E-04 -0.4615663568186124E-06  0.1231395070529729E-07 -0.2227687133595254E-07  0.2170565107188662E-08  0.3799393445685532E-10  0.3298927398192448E-08 -0.1406533353313078E-07  0.3979806053329521E-04 -0.1385756298709596E-03  0.1559570819816079E-03
  0.6724807683200474E-03  0.1021531784307965E+00  0.4472411313268662E-02  0.3669286515435445E-04  0.3854549759122913E-03  0.2948011929502080E-03  0.3164150092501480E-04 -0.1304367728770668E-03 -0.1752552982423194E-01 -0.7923045134848381E-03 -0.7913289845765538E-05 -0.1964713367159708E-03 -0.1211653949228168E+00 -0.9875143952747236E-02 -0.3370391505250480E-03 -0.1172712950528961E-01 -0.2397635616922826E+00 -0.3932831658877789E-02 -0.2873960310652908E-04  0.2037275413056118E-04  0.2292785949333060E-01  0.1922150808643521E-02  0.6449557786194098E-04 -0.5757916219290773E+00 -0.2425156421381888E-01  0.2424692521446191E-01  0.5225215092899119E+00  0.7672425810128182E-05 -0.1779237406514032E-02 -0.3842831353001164E-04  0.3883829667667637E-05  0.5160267400688099E-02  0.9369481291555845E-04 -0.3610347316988515E-05 -0.8040083455219469E-03 -0.1240645264102141E-04  0.1625705050571891E-05 -0.1585292164259292E-05  0.8330175251350160E-07 -0.2636386474464654E-06  0.5386479611178818E-06 -0.1082220234800471E-05  0.9183214478174048E-02  0.1972796672740528E-02  0.9062773612356812E-02
  0.1366820716879829E-04  0.4472411313268662E-02  0.2891048740596801E-03  0.5482427953148741E-05  0.7640823010889239E-04 -0.2382041530856495E-03 -0.1319033918020905E-04 -0.2771544555756732E-05 -0.8174124118971791E-03 -0.5612114688074577E-04 -0.1260025534779763E-05  0.3211098268909590E-04 -0.3919791423566743E-02 -0.5073291656867039E-03 -0.1767327312912165E-04 -0.1019726399071944E-02 -0.5220443863786434E-01 -0.1917525743917035E-02 -0.2650465033751311E-04 -0.1075795823719524E-04  0.7993642392392101E-03  0.1237776807609422E-03  0.4616903543511570E-05 -0.2684614873546732E-01 -0.1617260018490539E-02  0.1948941302565106E-02  0.6410108429336316E-02  0.1964921927045451E-06  0.2244736920361679E-03  0.3179465605005758E-05  0.8877576053929569E-07 -0.2952524285860635E-04 -0.1633819644342706E-07 -0.9163612945227916E-07  0.1912886832793496E-03  0.3207829565077448E-05  0.5057775949161322E-07 -0.2748976266731321E-07  0.9282909766094863E-09 -0.7629355666432894E-08  0.8786446227713105E-08 -0.1603095582594396E-07 -0.4827062944094526E-03  0.2337682233632525E-03  0.4060876448361809E-04
 -0.2015610406147720E-06  0.3669286515435445E-04  0.5482427953148741E-05  0.2822761135502436E-06  0.3952961616631079E-05 -0.1142625293053176E-04 -0.9045101063661264E-06  0.4298830025426098E-07 -0.7945478466194542E-05 -0.1182007455142982E-05 -0.6020800773639686E-07  0.2391938160636445E-05  0.4472180852803545E-04 -0.9358353137011535E-05 -0.3920392082314553E-06 -0.4671054078734526E-04 -0.2769113853775109E-02 -0.1152025197331656E-03 -0.1618326550369526E-05 -0.7955586522100587E-06 -0.2069570643553614E-04  0.2143296149480944E-05  0.1090791818214852E-06 -0.1030789300675822E-03 -0.3053967453282481E-04  0.1735468248154640E-03 -0.4125460700206030E-03  0.2548846158584816E-09  0.1729783684268595E-04  0.2750105848487747E-06 -0.3333763827854541E-09 -0.1693641033276590E-04 -0.2674434147767821E-06 -0.2276991702717561E-09  0.1574432445104583E-04  0.2540825421044476E-06  0.1729031720866346E-08  0.8745621120813816E-09 -0.7636747795779703E-10  0.2210473204740253E-09 -0.4408854721483096E-09  0.1146137567303155E-08 -0.7522415916569313E-04  0.8395750868464572E-05 -0.1650905734732107E-04
 -0.1231318797113139E-04  0.3854549759122913E-03  0.7640823010889239E-04  0.3952961616631079E-05  0.2179792712189780E-03 -0.2381670021374411E-03 -0.1438076890728606E-04  0.1991652614572079E-05 -0.1152074808645769E-03 -0.1875779232791448E-04 -0.8943308826934027E-06  0.9719804511691670E-04  0.2892603505238808E-03 -0.1855876732573257E-03 -0.5726723892769002E-05 -0.1929625086985586E-02 -0.6850679050870430E-01 -0.1962999762536429E-02 -0.1998132345005436E-04 -0.2923861009847282E-04 -0.2591619134100913E-03  0.4853476676353362E-04  0.1853520665924189E-05 -0.3251784290355514E-03 -0.3663118221227463E-03  0.2603252038286971E-02 -0.1212953575103075E-01 -0.2072665173966480E-07  0.2546295944028506E-03  0.3824722340456815E-05 -0.5118556357183542E-07 -0.2753124605825848E-04 -0.6580201200606345E-07  0.1054325097857293E-07  0.1976247227795922E-03  0.3292709249334676E-05  0.1168801545236107E-06  0.4418024123456790E-07 -0.7269368590350566E-08  0.1450040441312270E-07 -0.1327344889752647E-07  0.1189231105694065E-06 -0.8465908528799294E-03  0.1433003674431857E-03 -0.4474429038450822E-03
  0.4766995044923517E-04  0.2948011929502080E-03 -0.2382041530856495E-03 -0.1142625293053176E-04 -0.2381670021374411E-03  0.1296131555133599E-02  0.5640448050523582E-04 -0.7924196031613067E-05  0.2032627428430436E-03  0.6465039158666042E-04  0.2871276396675208E-05 -0.1365805410375855E-03 -0.4769092755451581E-02  0.9752444856171410E-04  0.5271883005776685E-05  0.2524984176106959E-02  0.2060398276507157E+00  0.7812488435943084E-02  0.1130341143777739E-03  0.3428819455798395E-04  0.2352032816531823E-03 -0.1362251367000393E-03 -0.6239759489412796E-05 -0.3888668479585564E-02 -0.2690947860816757E-04  0.2918050912011781E-02  0.7037230367009337E-01  0.3759630318174064E-06 -0.1096332938551165E-02 -0.1775953661596694E-04  0.2190539029541075E-06  0.1150816020531126E-02  0.1855566882705243E-04 -0.1977094538490557E-06 -0.8132605547143575E-03 -0.1421924404540598E-04  0.1413313549157690E-06 -0.1438954979231544E-06  0.7494107929683598E-08  0.8854566373548979E-08  0.1662035525353480E-07 -0.3406711121621545E-07  0.3305408477950514E-02  0.6085867628024394E-03  0.1934342636820440E-02
  0.2416566319162783E-05  0.3164150092501480E-04 -0.1319033918020905E-04 -0.9045101063661264E-06 -0.1438076890728606E-04  0.5640448050523582E-04  0.3806323450713774E-05 -0.4278764393698419E-06  0.3806780759123491E-05  0.3279511926501225E-05  0.1987426284925125E-06 -0.8817599126961288E-05 -0.3251969653845478E-03  0.1275218900333322E-04  0.5815837720487839E-06  0.1765567369261942E-03  0.1247367648626616E-01  0.5408708582660564E-03  0.8362210967133864E-05  0.2522771503912342E-05  0.6668332122966242E-04 -0.6285771439993955E-05 -0.3214990903803266E-06 -0.1734256589220007E-03  0.6182957914007358E-04 -0.3668672166973525E-03  0.4116919495681226E-02  0.1068154061013797E-07 -0.7399370037305727E-04 -0.1208590616965724E-05  0.7263423563005708E-08  0.8178573937673943E-04  0.1327037025408543E-05 -0.5243977868070529E-08 -0.6814480080426154E-04 -0.1116054071318496E-05 -0.1286222511827180E-08 -0.7083728112159936E-08  0.3003949652084458E-09 -0.5987995497482900E-09  0.1696612738730712E-08 -0.4466063421209321E-08  0.3170090187813130E-03 -0.1374108477854242E-04  0.1037432251264304E-03
 -0.2553683659344890E-05 -0.1304367728770668E-03 -0.2771544555756732E-05  0.4298830025426098E-07  0.1991652614572079E-05 -0.7924196031613067E-05 -0.4278764393698419E-06  0.5069655239653580E-06  0.2509534618962766E-04  0.5270079254206998E-06 -0.8788830600860396E-08  0.3443004930875614E-05  0.2685520660558137E-03  0.1556045154343932E-04  0.6117692708509418E-06  0.1225110447184787E-04  0.2783576606648567E-05 -0.9003169941195381E-05 -0.8595680863971917E-07 -0.9238098445582222E-06 -0.5914494780191259E-04 -0.2678845849979355E-05 -0.9196922163452271E-07 -0.1219076806297446E-04 -0.9460624837500875E-05 -0.3051117701990600E-05 -0.1540313535703066E-02 -0.1112468509717654E-07 -0.1944716201607533E-06 -0.8426662176961764E-08 -0.6188895925073091E-08 -0.7794534757042537E-05 -0.1315108797757044E-06  0.5529382863240117E-08  0.3926381300551865E-05  0.5681767077576040E-07 -0.2298980984851739E-08  0.4287000368716513E-08 -0.3205663817356214E-09  0.4090586534726804E-10 -0.7094957437714191E-09  0.2168330299585157E-08 -0.7302004857444998E-07  0.1157908685892868E-04 -0.2525336265685426E-04
 -0.1146887961078833E-03 -0.1752552982423194E-01 -0.8174124118971791E-03 -0.7945478466194542E-05 -0.1152074808645769E-03  0.2032627428430436E-03  0.3806780759123491E-05  0.2509534618962766E-04  0.3368792799861187E-02  0.1666193907920830E-03  0.2243920436116326E-05  0.6273507987699499E-04  0.2425282477142631E-01  0.1899870127560736E-02  0.6205140893623148E-04  0.2744474783381776E-02  0.1068775414708052E+00  0.3335539693773248E-02  0.4758747282613263E-04 -0.2512281364103269E-04 -0.6616393381444565E-02 -0.5087345597738911E-03 -0.1626173825088226E-04  0.9054223349322542E-01  0.3843205350875006E-02 -0.2036277494593472E-02 -0.5956053063367830E-01 -0.1058992617575176E-05 -0.1034685645993233E-02 -0.1593287890243963E-04 -0.4769284441408413E-06 -0.3458911917765171E-03 -0.7096419309408737E-05  0.4896893495010595E-06 -0.1689233667994005E-03 -0.3233314415205093E-05 -0.2181159982826336E-06  0.2293875807889838E-06 -0.1257014830810195E-07  0.4641223852372153E-07 -0.6795129855969556E-07  0.9209355536798567E-07  0.3829343900087494E-03 -0.7690101204435009E-03 -0.1204896858937239E-02
 -0.1955168865413552E-05 -0.7923045134848381E-03 -0.5612114688074577E-04 -0.1182007455142982E-05 -0.1875779232791448E-04  0.6465039158666042E-04  0.3279511926501225E-05  0.5270079254206998E-06  0.1666193907920830E-03  0.1243656633037392E-04  0.3122997849551880E-06 -0.6392587362745970E-05  0.8324656701665500E-03  0.1036961982626825E-03  0.3486559935633681E-05  0.2553657578964969E-03  0.1456124802418558E-01  0.5444078554462191E-03  0.7799701180027641E-05  0.1659789730724594E-05 -0.2641263874192666E-03 -0.3295353157608439E-04 -0.1182580802830615E-05  0.4357340273196061E-02  0.2718328807098862E-03 -0.2514662689098452E-03  0.1007626016114122E-02 -0.2479450844709149E-07 -0.1227727699860661E-03 -0.1964593326307865E-05 -0.6900739090799276E-08  0.5027024498957284E-04  0.7585482736693499E-06  0.1099019564672162E-07 -0.5660059734731690E-04 -0.9621546474063412E-06 -0.7131179355843806E-08  0.1280138092666767E-09 -0.1221741838261884E-10  0.1628125978841639E-08 -0.1102669375317435E-09 -0.2665459939105712E-08  0.2226900257671329E-03 -0.6147790538923122E-04  0.2278877685594019E-04
  0.5471321576667073E-07 -0.7913289845765538E-05 -0.1260025534779763E-05 -0.6020800773639686E-07 -0.8943308826934027E-06  0.2871276396675208E-05  0.1987426284925125E-06 -0.8788830600860396E-08  0.2243920436116326E-05  0.3122997849551880E-06  0.1438567641413743E-07 -0.4971805358866204E-06 -0.4720955934665895E-05  0.2201620944523209E-05  0.8566072169082603E-07  0.1108664613987549E-04  0.6755941738585727E-03  0.2729673906032613E-04  0.3853478178621302E-06  0.1578383098736685E-06  0.1024285718838075E-05 -0.7164709194183601E-06 -0.3168123308933671E-07  0.2150361727375906E-04  0.5997550702251195E-05 -0.2915820821319397E-04  0.1404411354533371E-03  0.1111089959622981E-09 -0.5204272983702983E-05 -0.8520893051545300E-07  0.2401922779980160E-09  0.4461500609221423E-05  0.7194000103497731E-07 -0.4825901996650663E-10 -0.3538448418813721E-05 -0.5800390521785331E-07 -0.2849845304261962E-09 -0.3201747290278895E-09  0.2179773420791026E-10 -0.2488073508741833E-10  0.1173164214814010E-09 -0.3347384234928697E-09  0.1725139537054234E-04 -0.2258958161164741E-05  0.3951572807807339E-05
 -0.1504055491112942E-04 -0.1964713367159708E-03  0.3211098268909590E-04  0.2391938160636445E-05  0.9719804511691670E-04 -0.1365805410375855E-03 -0.8817599126961288E-05  0.3443004930875614E-05  0.6273507987699499E-04 -0.6392587362745970E-05 -0.4971805358866204E-06  0.8029580299440686E-04  0.2869649185502758E-02  0.1944183459223287E-04 -0.5128416656059748E-06 -0.8286718268449841E-03 -0.3232205060499725E-01 -0.9906246750680356E-03 -0.1170309801365473E-04 -0.2718394647781971E-04 -0.1171070716836603E-02 -0.2339054531115857E-04 -0.1806079312448986E-06 -0.2155982779596796E-03 -0.2379453318633828E-03  0.1757323572391100E-02 -0.3007487407317314E-02 -0.1286729198139959E-07  0.6791562063996194E-04  0.1199816137717660E-05 -0.1942080166372097E-07 -0.8499018266301693E-04 -0.1521257040307497E-05  0.5778982115490826E-08  0.9366204790658988E-04  0.1563651570268914E-05  0.4353670876804052E-07  0.2516361080809601E-07 -0.2680163885733227E-08  0.4038119879091632E-08 -0.8840579845042409E-08  0.4049264815962158E-07 -0.3613838060183716E-03 -0.2067092487322357E-03 -0.2328626705181567E-03
 -0.1110851925249959E-02 -0.1211653949228168E+00 -0.3919791423566743E-02  0.4472180852803545E-04  0.2892603505238808E-03 -0.4769092755451581E-02 -0.3251969653845478E-03  0.2685520660558137E-03  0.2425282477142631E-01  0.8324656701665500E-03 -0.4720955934665895E-05  0.2869649185502758E-02  0.3509192263043800E+00  0.1687881242584201E-01  0.3793515594486918E-03  0.1325842370257429E-01 -0.4132180816568289E+00 -0.3037068537811541E-01 -0.6870224255887499E-03 -0.1073985507427462E-02 -0.1130525184477720E+00 -0.5662939643397134E-02 -0.1334694610692435E-03  0.8208778529284497E+00  0.2631363553305791E-01  0.2579429990965743E-01 -0.9233252971275502E-02 -0.1630962958762402E-04  0.7236504675188112E-03  0.3460372919695000E-04 -0.8171907321029093E-05 -0.1037359184085683E-01 -0.1950548141655859E-03  0.7848411300967619E-05  0.3581967496221477E-02  0.6177294912681214E-04 -0.3774121434791939E-05  0.2013977442644454E-05  0.9351919385480094E-07  0.3964168989437453E-06 -0.9730324814508204E-06  0.1957840064526851E-05 -0.2727445245517233E-01 -0.4045445593052610E-01 -0.1028774282718640E-01
 -0.7375802933440969E-04 -0.9875143952747236E-02 -0.5073291656867039E-03 -0.9358353137011535E-05 -0.1855876732573257E-03  0.9752444856171410E-04  0.1275218900333322E-04  0.1556045154343932E-04  0.1899870127560736E-02  0.1036961982626825E-03  0.2201620944523209E-05  0.1944183459223287E-04  0.1687881242584201E-01  0.1486020259108846E-02  0.4822797290110635E-04  0.2866113061420110E-02  0.8483986727286054E-01  0.2387811417681972E-02  0.1590845102967375E-04 -0.4564748588393965E-05 -0.4173114618443837E-02 -0.3722057639437571E-03 -0.1212836768398282E-04  0.4478133149888609E-01  0.2706796996823847E-02 -0.7414934305376805E-02 -0.3022017416746830E-01 -0.8264192949393404E-06 -0.7002237802727513E-03 -0.9961953026477981E-05 -0.3896026705562422E-06 -0.4602734472931782E-05 -0.1558758370436807E-05  0.4062151402602707E-06 -0.3196304472414228E-03 -0.5043741779338394E-05 -0.3008822883008283E-06  0.1000224569953591E-06  0.2379956504940041E-08  0.4349283451791667E-08 -0.2366774964516793E-07  0.1614807152075633E-07  0.1433231356600867E-02 -0.1673383651001495E-02 -0.3814621533421805E-03
 -0.3421176756776586E-05 -0.3370391505250480E-03 -0.1767327312912165E-04 -0.3920392082314553E-06 -0.5726723892769002E-05  0.5271883005776685E-05  0.5815837720487839E-06  0.6117692708509418E-06  0.6205140893623148E-04  0.3486559935633681E-05  0.8566072169082603E-07 -0.5128416656059748E-06  0.3793515594486918E-03  0.4822797290110635E-04  0.2077735859333726E-05  0.8153324226055147E-04  0.3052382260874710E-02  0.1024747102485741E-03  0.1238471327566377E-05  0.7681673282199029E-06 -0.3775904059890776E-04 -0.8321996062253279E-05 -0.3911038660629200E-06  0.3860829197733478E-03  0.4392945919849018E-04 -0.2597717286125259E-03 -0.3229857201486668E-02 -0.1269392142157356E-07 -0.2261385068928606E-04 -0.3314267095016581E-06 -0.5974284808912412E-08  0.4616472312434015E-05  0.4273373552940584E-07  0.6568551911738380E-08 -0.9593643831993422E-05 -0.1598224071580686E-06 -0.6515594580683927E-08  0.3800643896734075E-08 -0.6279989609236322E-09 -0.3125320598336304E-09  0.1691714822520287E-09 -0.9950147151000087E-09  0.6542197362770366E-04  0.3857948601419686E-04 -0.3012008841707088E-04
 -0.4442241333631792E-04 -0.1172712950528961E-01 -0.1019726399071944E-02 -0.4671054078734526E-04 -0.1929625086985586E-02  0.2524984176106959E-02  0.1765567369261942E-03  0.1225110447184787E-04  0.2744474783381776E-02  0.2553657578964969E-03  0.1108664613987549E-04 -0.8286718268449841E-03  0.1325842370257429E-01  0.2866113061420110E-02  0.8153324226055147E-04  0.2636451444104096E-01  0.1066433157215530E+01  0.3556617470928519E-01  0.4737315515106458E-03  0.2674456445800153E-03 -0.9974422205722116E-03 -0.7672645830262417E-03 -0.2735758338973232E-04  0.4249346904654025E-01  0.5236453905076340E-02 -0.3215236463185106E-01  0.2108146221058396E+00 -0.2920387037837172E-05 -0.3514822727258097E-02 -0.6010212553231352E-04 -0.1254104281777305E-05  0.3159684891337726E-02  0.5298751940027001E-04  0.1425280524445728E-05 -0.3620950003657115E-02 -0.6090140651805771E-04 -0.1670100333481241E-05 -0.1062937978449524E-06  0.6884172921729516E-07 -0.6166449063354342E-07 -0.1662486401686934E-08 -0.3494960001930614E-06  0.1951656147831776E-01 -0.4672113460700116E-02  0.5163971942381584E-02
  0.1450170092313413E-02 -0.2397635616922826E+00 -0.5220443863786434E-01 -0.2769113853775109E-02 -0.6850679050870430E-01  0.2060398276507157E+00  0.1247367648626616E-01  0.2783576606648567E-05  0.1068775414708052E+00  0.1456124802418558E-01  0.6755941738585727E-03 -0.3232205060499725E-01 -0.4132180816568289E+00  0.8483986727286054E-01  0.3052382260874710E-02  0.1066433157215530E+01  0.6715416684331939E+02  0.2727504226755581E+01  0.4426341140609858E-01  0.9398287667992559E-02  0.6147923114211820E-02 -0.3787642527348386E-01 -0.1589842149296224E-02 -0.1900522577881300E+01  0.1007969286126324E+00 -0.8021215725090293E+00  0.1619821526816234E+02  0.3936805154809054E-04 -0.3670507477221542E+00 -0.6314544149293336E-02  0.3024970414920908E-04  0.3615556684059045E+00  0.6154157389275960E-02 -0.2033435872943599E-04 -0.2954156138894041E+00 -0.5007756150162769E-02 -0.1201454399188933E-04 -0.1768821844964775E-04  0.4004850902531200E-06 -0.3503157994706714E-05  0.5005551786587137E-05 -0.2396632699332629E-04  0.1762871286428664E+01 -0.1964268308516808E-01  0.3312905130219266E+00
  0.1071915315109760E-03 -0.3932831658877789E-02 -0.1917525743917035E-02 -0.1152025197331656E-03 -0.1962999762536429E-02  0.7812488435943084E-02  0.5408708582660564E-03 -0.9003169941195381E-05  0.3335539693773248E-02  0.5444078554462191E-03  0.2729673906032613E-04 -0.9906246750680356E-03 -0.3037068537811541E-01  0.2387811417681972E-02  0.1024747102485741E-03  0.3556617470928519E-01  0.2727504226755581E+01  0.1248893727418124E+00  0.2211860248247631E-02  0.2691448235924808E-03  0.1408233544817685E-02 -0.1346841533591239E-02 -0.6047736848128780E-04 -0.1077744624410271E+00  0.4275874403479776E-02 -0.3888091237553266E-01  0.7320700559985256E+00  0.3245921815411504E-05 -0.1815983051717649E-01 -0.3085943888216387E-03  0.2003963980091939E-05  0.1843475348481926E-01  0.3102620892843787E-03 -0.1618203964392742E-05 -0.1417844652934246E-01 -0.2359007065193842E-03  0.1941726290736683E-06 -0.7821589079853945E-06 -0.1003984490211117E-06 -0.1533915713974365E-06  0.2569567231955473E-06 -0.9538794489175864E-06  0.8877568163716010E-01  0.3597857161147835E-02  0.1167100307952493E-01
  0.1281939570677784E-05 -0.2873960310652908E-04 -0.2650465033751311E-04 -0.1618326550369526E-05 -0.1998132345005436E-04  0.1130341143777739E-03  0.8362210967133864E-05 -0.8595680863971917E-07  0.4758747282613263E-04  0.7799701180027641E-05  0.3853478178621302E-06 -0.1170309801365473E-04 -0.6870224255887499E-03  0.1590845102967375E-04  0.1238471327566377E-05  0.4737315515106458E-03  0.4426341140609858E-01  0.2211860248247631E-02  0.4241666924575874E-04  0.3059560115083482E-05  0.6094927304236575E-04 -0.1587533389976326E-04 -0.8353685133797800E-06 -0.2512940237692484E-02  0.1921808528560451E-04 -0.4370303914505971E-03  0.1146914856340027E-01  0.7827033276052572E-07 -0.3195453568957735E-03 -0.5442093657536985E-05  0.4461467142209156E-07  0.3294875870943224E-03  0.5559085824124600E-05 -0.3893337847400119E-07 -0.2441058770718064E-03 -0.4044045245288210E-05  0.1433191725932457E-07 -0.1167455282687784E-07 -0.4004223985520191E-08 -0.2451965427927024E-08  0.4476102901022483E-08 -0.1509333547115191E-07  0.1629323971397415E-02  0.2334968596374463E-03  0.1223215163349931E-03
  0.2624307947549318E-05  0.2037275413056118E-04 -0.1075795823719524E-04 -0.7955586522100587E-06 -0.2923861009847282E-04  0.3428819455798395E-04  0.2522771503912342E-05 -0.9238098445582222E-06 -0.2512281364103269E-04  0.1659789730724594E-05  0.1578383098736685E-06 -0.2718394647781971E-04 -0.1073985507427462E-02 -0.4564748588393965E-05  0.7681673282199029E-06  0.2674456445800153E-03  0.9398287667992559E-02  0.2691448235924808E-03  0.3059560115083482E-05  0.1072520680395188E-04  0.5538434722515698E-03  0.1547477968392144E-04  0.1666149846946731E-06 -0.8718732813947863E-03  0.4276077854994288E-04 -0.6690335516202502E-03 -0.2281178633745693E-02 -0.4175502042209241E-08  0.2176955027669963E-04  0.3262341363672144E-06 -0.2155335770378946E-09  0.2268486988249074E-04  0.4355039757903211E-06  0.2814079647280932E-08 -0.1982893989847435E-04 -0.3379356878934448E-06 -0.1673309629864997E-07 -0.6557098912154424E-08  0.2211889871070995E-09 -0.1715716506421055E-08  0.3167378597596201E-08 -0.9989110839735394E-08  0.9023861598390262E-04  0.1480325910209838E-03  0.4038122655412650E-04
  0.1106231845888914E-03  0.2292785949333060E-01  0.7993642392392101E-03 -0.2069570643553614E-04 -0.2591619134100913E-03  0.2352032816531823E-03  0.6668332122966242E-04 -0.5914494780191259E-04 -0.6616393381444565E-02 -0.2641263874192666E-03  0.1024285718838075E-05 -0.1171070716836603E-02 -0.1130525184477720E+00 -0.4173114618443837E-02 -0.3775904059890776E-04 -0.9974422205722116E-03  0.6147923114211820E-02  0.1408233544817685E-02  0.6094927304236575E-04  0.5538434722515698E-03  0.5126683224613895E-01  0.2470111689920305E-02  0.5271932555382428E-04 -0.2444844033162452E+00 -0.6956020255857783E-02 -0.3080191483008996E-01 -0.3581168943881381E+00  0.2735888131548725E-05  0.5584077738842915E-02  0.8632950891476343E-04  0.1127113828298644E-05  0.8411466120626052E-03  0.2116403895168787E-04 -0.1256368959864721E-05  0.2880958442087612E-03  0.4418526983904371E-05  0.3166902743257475E-06 -0.2033344385835886E-06 -0.7275940200143328E-07 -0.1500788203310450E-06  0.2211155861098331E-06 -0.2484170821395694E-06  0.1635075084338089E-02  0.1864458975031200E-01 -0.5705331520680459E-03
  0.4564865283000945E-05  0.1922150808643521E-02  0.1237776807609422E-03  0.2143296149480944E-05  0.4853476676353362E-04 -0.1362251367000393E-03 -0.6285771439993955E-05 -0.2678845849979355E-05 -0.5087345597738911E-03 -0.3295353157608439E-04 -0.7164709194183601E-06 -0.2339054531115857E-04 -0.5662939643397134E-02 -0.3722057639437571E-03 -0.8321996062253279E-05 -0.7672645830262417E-03 -0.3787642527348386E-01 -0.1346841533591239E-02 -0.1587533389976326E-04  0.1547477968392144E-04  0.2470111689920305E-02  0.1681430518604417E-03  0.4619274536599170E-05 -0.1413563525655342E-01 -0.7177159683280434E-03  0.1171861699641821E-03 -0.2068285957551471E-01  0.1353409407179191E-06  0.5801958017730719E-03  0.9210262011138407E-05  0.4401227351444908E-07 -0.1778729142656252E-03 -0.2533794391623968E-05 -0.6286738850248625E-07  0.1884504584341745E-03  0.3109196042470770E-05  0.4017865753429032E-07  0.6995414607197349E-08 -0.4632736707731625E-08 -0.5200860952280820E-08  0.3979753162628418E-08  0.1238138735930200E-07 -0.8314871606138750E-03  0.1001299065150135E-02 -0.1909432804962733E-03
  0.3053638167591817E-06  0.6449557786194098E-04  0.4616903543511570E-05  0.1090791818214852E-06  0.1853520665924189E-05 -0.6239759489412796E-05 -0.3214990903803266E-06 -0.9196922163452271E-07 -0.1626173825088226E-04 -0.1182580802830615E-05 -0.3168123308933671E-07 -0.1806079312448986E-06 -0.1334694610692435E-03 -0.1212836768398282E-04 -0.3911038660629200E-06 -0.2735758338973232E-04 -0.1589842149296224E-02 -0.6047736848128780E-04 -0.8353685133797800E-06  0.1666149846946731E-06  0.5271932555382428E-04  0.4619274536599170E-05  0.1550928584870863E-06 -0.2286916078744064E-03 -0.1529119091740634E-04  0.1277390366383012E-04 -0.2741712673418448E-03  0.1413069770837690E-08  0.1885044802782391E-04  0.3029927629918582E-06  0.4092382490696697E-10 -0.8847542958837313E-05 -0.1374233548509267E-06 -0.6460084297226186E-09  0.7173698001304570E-05  0.1207915017908596E-06  0.6981545307618791E-09  0.3652834015808572E-09 -0.1100934121649596E-10 -0.6672998241474800E-10 -0.1020516897998210E-09  0.7282616422484097E-09 -0.3673741292009124E-04  0.1222203731566214E-04 -0.4510151569509778E-05
  0.7634194882949974E-03 -0.5757916219290773E+00 -0.2684614873546732E-01 -0.1030789300675822E-03 -0.3251784290355514E-03 -0.3888668479585564E-02 -0.1734256589220007E-03 -0.1219076806297446E-04  0.9054223349322542E-01  0.4357340273196061E-02  0.2150361727375906E-04 -0.2155982779596796E-03  0.8208778529284497E+00  0.4478133149888609E-01  0.3860829197733478E-03  0.4249346904654025E-01 -0.1900522577881300E+01 -0.1077744624410271E+00 -0.2512940237692484E-02 -0.8718732813947863E-03 -0.2444844033162452E+00 -0.1413563525655342E-01 -0.2286916078744064E-03  0.7609577073324168E+01  0.3224625508971775E+00 -0.1791390644402159E+00  0.2462339331851600E+01 -0.9099146733434816E-04  0.4179893783097535E-01  0.7778473209281441E-03 -0.4590529227778138E-04 -0.4739844671027816E-01 -0.8713484282776204E-03  0.4245819763764500E-04  0.9168082834799545E-02  0.1948437774347676E-03 -0.1770786354367734E-04  0.7227431073049279E-05  0.1146361504532395E-05  0.3658392612090891E-05 -0.6594259150567267E-05  0.1375464016045591E-04 -0.2013902521881370E+00 -0.2182743740676252E+00 -0.4553182780315734E-02
  0.7263550782945683E-04 -0.2425156421381888E-01 -0.1617260018490539E-02 -0.3053967453282481E-04 -0.3663118221227463E-03 -0.2690947860816757E-04  0.6182957914007358E-04 -0.9460624837500875E-05  0.3843205350875006E-02  0.2718328807098862E-03  0.5997550702251195E-05 -0.2379453318633828E-03  0.2631363553305791E-01  0.2706796996823847E-02  0.4392945919849018E-04  0.5236453905076340E-02  0.1007969286126324E+00  0.4275874403479776E-02  0.1921808528560451E-04  0.4276077854994288E-04 -0.6956020255857783E-02 -0.7177159683280434E-03 -0.1529119091740634E-04  0.3224625508971775E+00  0.2013810472585925E-01 -0.3610986429544070E-01  0.1470148488571317E+00 -0.3121368659709801E-05 -0.1123909387015933E-03  0.2578539680210636E-05 -0.1502758779845865E-05 -0.7174420056706852E-03 -0.1617640346253522E-04  0.1500879480991802E-05 -0.1271822691683679E-02 -0.1744396602515550E-04 -0.9849834281011526E-06  0.1814337018758328E-06  0.7348290585977761E-07  0.5951276634622702E-07 -0.1246388240044852E-06  0.2337702570194594E-06  0.1057982550414834E-03 -0.1305478770280977E-01  0.6844672687485312E-03
  0.1048020099849285E-03  0.2424692521446191E-01  0.1948941302565106E-02  0.1735468248154640E-03  0.2603252038286971E-02  0.2918050912011781E-02 -0.3668672166973525E-03 -0.3051117701990600E-05 -0.2036277494593472E-02 -0.2514662689098452E-03 -0.2915820821319397E-04  0.1757323572391100E-02  0.2579429990965743E-01 -0.7414934305376805E-02 -0.2597717286125259E-03 -0.3215236463185106E-01 -0.8021215725090293E+00 -0.3888091237553266E-01 -0.4370303914505971E-03 -0.6690335516202502E-03 -0.3080191483008996E-01  0.1171861699641821E-03  0.1277390366383012E-04 -0.1791390644402159E+00 -0.3610986429544070E-01  0.2779968595982426E+00  0.1594298894989351E+00  0.8224104710389610E-05  0.8715560523149049E-02  0.1289454912283007E-03  0.3897766170142372E-05 -0.8337808723194159E-02 -0.1222614163363496E-03 -0.4283481626740451E-05  0.9322720306905995E-02  0.1334463358406557E-03  0.5105173669289823E-05 -0.5136805839706406E-06 -0.8684040946224161E-07  0.3664979978386243E-06 -0.1932383029588104E-06  0.8745488072643826E-06 -0.5660190559306227E-01  0.2218864653585974E-01 -0.1466185686791135E-02
  0.1060756336228146E-01  0.5225215092899119E+00  0.6410108429336316E-02 -0.4125460700206030E-03 -0.1212953575103075E-01  0.7037230367009337E-01  0.4116919495681226E-02 -0.1540313535703066E-02 -0.5956053063367830E-01  0.1007626016114122E-02  0.1404411354533371E-03 -0.3007487407317314E-02 -0.9233252971275502E-02 -0.3022017416746830E-01 -0.3229857201486668E-02  0.2108146221058396E+00  0.1619821526816234E+02  0.7320700559985256E+00  0.1146914856340027E-01 -0.2281178633745693E-02 -0.3581168943881381E+00 -0.2068285957551471E-01 -0.2741712673418448E-03  0.2462339331851600E+01  0.1470148488571317E+00  0.1594298894989351E+00  0.1969453426649475E+02 -0.8838709987356053E-05 -0.1233191888352189E+00 -0.2054699861945299E-02 -0.4282829879933071E-06  0.1351065147633746E+00  0.2205576782498699E-02  0.2953542658481626E-05 -0.1062898206036739E+00 -0.1720107086108171E-02 -0.1531361638188609E-05 -0.1868593708416329E-04  0.3192001405487248E-05  0.1001600116996607E-05 -0.5810927469786964E-06 -0.8406425271141807E-06  0.4785261430467962E+00 -0.4171494399838712E+00  0.2428758608489398E+00
  0.5967611989616097E-07  0.7672425810128182E-05  0.1964921927045451E-06  0.2548846158584816E-09 -0.2072665173966480E-07  0.3759630318174064E-06  0.1068154061013797E-07 -0.1112468509717654E-07 -0.1058992617575176E-05 -0.2479450844709149E-07  0.1111089959622981E-09 -0.1286729198139959E-07 -0.1630962958762402E-04 -0.8264192949393404E-06 -0.1269392142157356E-07 -0.2920387037837172E-05  0.3936805154809054E-04  0.3245921815411504E-05  0.7827033276052572E-07 -0.4175502042209241E-08  0.2735888131548725E-05  0.1353409407179191E-06  0.1413069770837690E-08 -0.9099146733434816E-04 -0.3121368659709801E-05  0.8224104710389610E-05 -0.8838709987356053E-05  0.6744919036757477E-08 -0.1321832680244915E-05 -0.2411287319306120E-07  0.2121406973897213E-08  0.1567522876587846E-06  0.5077425984985954E-08 -0.1893543821950360E-08 -0.3952728697648333E-06 -0.7736964250383520E-08  0.7827291421856136E-09 -0.2734718280953514E-09 -0.1167972818884383E-10 -0.1283858548112530E-09  0.1667023864387380E-09 -0.8432556944931592E-09  0.3553746928268624E-05  0.2680529247263550E-05  0.2662007348345825E-06
 -0.4863243363548614E-04 -0.1779237406514032E-02  0.2244736920361679E-03  0.1729783684268595E-04  0.2546295944028506E-03 -0.1096332938551165E-02 -0.7399370037305727E-04 -0.1944716201607533E-06 -0.1034685645993233E-02 -0.1227727699860661E-03 -0.5204272983702983E-05  0.6791562063996194E-04  0.7236504675188112E-03 -0.7002237802727513E-03 -0.2261385068928606E-04 -0.3514822727258097E-02 -0.3670507477221542E+00 -0.1815983051717649E-01 -0.3195453568957735E-03  0.2176955027669963E-04  0.5584077738842915E-02  0.5801958017730719E-03  0.1885044802782391E-04  0.4179893783097535E-01 -0.1123909387015933E-03  0.8715560523149049E-02 -0.1233191888352189E+00 -0.1321832680244915E-05  0.4489414777800253E-01  0.7345090638752251E-03 -0.4432386368241602E-05 -0.4943975084116940E-02 -0.8094514864338797E-04  0.6577334263822816E-06  0.2510446836075126E-02  0.4093838738942449E-04 -0.2050909372228592E-06  0.2094503931614038E-06  0.1759454507237105E-07  0.8749433705120865E-08 -0.1539079264935764E-06  0.4007733718654450E-05 -0.1860060036381260E-01  0.8587612748192539E-03 -0.1770895474471515E-02
 -0.7767945793366560E-06 -0.3842831353001164E-04  0.3179465605005758E-05  0.2750105848487747E-06  0.3824722340456815E-05 -0.1775953661596694E-04 -0.1208590616965724E-05 -0.8426662176961764E-08 -0.1593287890243963E-04 -0.1964593326307865E-05 -0.8520893051545300E-07  0.1199816137717660E-05  0.3460372919695000E-04 -0.9961953026477981E-05 -0.3314267095016581E-06 -0.6010212553231352E-04 -0.6314544149293336E-02 -0.3085943888216387E-03 -0.5442093657536985E-05  0.3262341363672144E-06  0.8632950891476343E-04  0.9210262011138407E-05  0.3029927629918582E-06  0.7778473209281441E-03  0.2578539680210636E-05  0.1289454912283007E-03 -0.2054699861945299E-02 -0.2411287319306120E-07  0.7345090638752251E-03  0.1207219626029609E-04 -0.7427211795707241E-07 -0.8237378592435406E-04 -0.1371440473444448E-05  0.1198170744715833E-07  0.4176262770837319E-04  0.6858567202445025E-06 -0.3950719721505310E-08  0.3330617412472035E-08  0.2665706734566998E-09  0.1925230686430164E-09 -0.2645410098524780E-08  0.6643746390388503E-07 -0.3085754661114243E-03  0.1354458426786150E-04 -0.2966272823321584E-04
  0.3543115826300785E-07  0.3883829667667637E-05  0.8877576053929569E-07 -0.3333763827854541E-09 -0.5118556357183542E-07  0.2190539029541075E-06  0.7263423563005708E-08 -0.6188895925073091E-08 -0.4769284441408413E-06 -0.6900739090799276E-08  0.2401922779980160E-09 -0.1942080166372097E-07 -0.8171907321029093E-05 -0.3896026705562422E-06 -0.5974284808912412E-08 -0.1254104281777305E-05  0.3024970414920908E-04  0.2003963980091939E-05  0.4461467142209156E-07 -0.2155335770378946E-09  0.1127113828298644E-05  0.4401227351444908E-07  0.4092382490696697E-10 -0.4590529227778138E-04 -0.1502758779845865E-05  0.3897766170142372E-05 -0.4282829879933071E-06  0.2121406973897213E-08 -0.4432386368241602E-05 -0.7427211795707241E-07  0.1870065150946297E-08  0.1127161091800175E-06  0.3136395053128075E-08 -0.1036156376382480E-08 -0.2450233316251275E-06 -0.4658139317220548E-08  0.3943824088920123E-09 -0.1702098666578138E-09 -0.4570341728681949E-11 -0.6070203844268944E-10  0.1021150520946149E-09 -0.1200584526096920E-08  0.2021839169599759E-05  0.1276254639100854E-05  0.1972878995080218E-06
  0.4726342176471617E-04  0.5160267400688099E-02 -0.2952524285860635E-04 -0.1693641033276590E-04 -0.2753124605825848E-04  0.1150816020531126E-02  0.8178573937673943E-04 -0.7794534757042537E-05 -0.3458911917765171E-03  0.5027024498957284E-04  0.4461500609221423E-05 -0.8499018266301693E-04 -0.1037359184085683E-01 -0.4602734472931782E-05  0.4616472312434015E-05  0.3159684891337726E-02  0.3615556684059045E+00  0.1843475348481926E-01  0.3294875870943224E-03  0.2268486988249074E-04  0.8411466120626052E-03 -0.1778729142656252E-03 -0.8847542958837313E-05 -0.4739844671027816E-01 -0.7174420056706852E-03 -0.8337808723194159E-02  0.1351065147633746E+00  0.1567522876587846E-06 -0.4943975084116940E-02 -0.8237378592435406E-04  0.1127161091800175E-06  0.5404216000280469E-01  0.8827612824990310E-03 -0.3036455380719450E-05 -0.2480613131425460E-02 -0.4041514979593260E-04  0.1527383302904764E-06 -0.1507256605855619E-05 -0.2169904757590332E-07  0.2988974713347376E-05  0.3034612737628324E-05  0.7571828567472354E-07  0.1827447418671706E-01  0.8740174885852573E-05  0.2219525817268371E-02
