

 Numbers of non-zero-weighted points of each type

 {delta}Hdil =   73
 EMF =  169
 Cp =   74
 Isopiestic =  263
 Alpha =   44


 SQ OSM  = 0.2438E+02   SQ ALPHA = 0.2260E+01   SQ EMF = 0.1702E+02
 SQ HDIL = 0.8294E+01   SQ PHICP = 0.5388E+01


  Covariance Matrix:

  0.1408E-04   0.6725E-03   0.1367E-04  -0.2016E-06  -0.1231E-04   0.4767E-04   0.2417E-05  -0.2554E-05  -0.1147E-03  -0.1955E-05   0.5471E-07  -0.1504E-04  -0.1111E-02  -0.7376E-04  -0.3421E-05  -0.4442E-04   0.1450E-02   0.1072E-03   0.1282E-05   0.2624E-05   0.1106E-03   0.4565E-05   0.3054E-06   0.7634E-03   0.7264E-04   0.1048E-03   0.1061E-01   0.5968E-07  -0.4863E-04  -0.7768E-06   0.3543E-07   0.4726E-04   0.7701E-06  -0.3012E-07  -0.3060E-04  -0.4616E-06   0.1231E-07  -0.2228E-07   0.2171E-08   0.3799E-10   0.3299E-08  -0.1407E-07   0.3980E-04  -0.1386E-03   0.1560E-03
  0.6725E-03   0.1022E+00   0.4472E-02   0.3669E-04   0.3855E-03   0.2948E-03   0.3164E-04  -0.1304E-03  -0.1753E-01  -0.7923E-03  -0.7913E-05  -0.1965E-03  -0.1212E+00  -0.9875E-02  -0.3370E-03  -0.1173E-01  -0.2398E+00  -0.3933E-02  -0.2874E-04   0.2037E-04   0.2293E-01   0.1922E-02   0.6450E-04  -0.5758E+00  -0.2425E-01   0.2425E-01   0.5225E+00   0.7672E-05  -0.1779E-02  -0.3843E-04   0.3884E-05   0.5160E-02   0.9369E-04  -0.3610E-05  -0.8040E-03  -0.1241E-04   0.1626E-05  -0.1585E-05   0.8330E-07  -0.2636E-06   0.5386E-06  -0.1082E-05   0.9183E-02   0.1973E-02   0.9063E-02
  0.1367E-04   0.4472E-02   0.2891E-03   0.5482E-05   0.7641E-04  -0.2382E-03  -0.1319E-04  -0.2772E-05  -0.8174E-03  -0.5612E-04  -0.1260E-05   0.3211E-04  -0.3920E-02  -0.5073E-03  -0.1767E-04  -0.1020E-02  -0.5220E-01  -0.1918E-02  -0.2650E-04  -0.1076E-04   0.7994E-03   0.1238E-03   0.4617E-05  -0.2685E-01  -0.1617E-02   0.1949E-02   0.6410E-02   0.1965E-06   0.2245E-03   0.3179E-05   0.8878E-07  -0.2953E-04  -0.1634E-07  -0.9164E-07   0.1913E-03   0.3208E-05   0.5058E-07  -0.2749E-07   0.9283E-09  -0.7629E-08   0.8786E-08  -0.1603E-07  -0.4827E-03   0.2338E-03   0.4061E-04
 -0.2016E-06   0.3669E-04   0.5482E-05   0.2823E-06   0.3953E-05  -0.1143E-04  -0.9045E-06   0.4299E-07  -0.7945E-05  -0.1182E-05  -0.6021E-07   0.2392E-05   0.4472E-04  -0.9358E-05  -0.3920E-06  -0.4671E-04  -0.2769E-02  -0.1152E-03  -0.1618E-05  -0.7956E-06  -0.2070E-04   0.2143E-05   0.1091E-06  -0.1031E-03  -0.3054E-04   0.1735E-03  -0.4125E-03   0.2549E-09   0.1730E-04   0.2750E-06  -0.3334E-09  -0.1694E-04  -0.2674E-06  -0.2277E-09   0.1574E-04   0.2541E-06   0.1729E-08   0.8746E-09  -0.7637E-10   0.2210E-09  -0.4409E-09   0.1146E-08  -0.7522E-04   0.8396E-05  -0.1651E-04
 -0.1231E-04   0.3855E-03   0.7641E-04   0.3953E-05   0.2180E-03  -0.2382E-03  -0.1438E-04   0.1992E-05  -0.1152E-03  -0.1876E-04  -0.8943E-06   0.9720E-04   0.2893E-03  -0.1856E-03  -0.5727E-05  -0.1930E-02  -0.6851E-01  -0.1963E-02  -0.1998E-04  -0.2924E-04  -0.2592E-03   0.4853E-04   0.1854E-05  -0.3252E-03  -0.3663E-03   0.2603E-02  -0.1213E-01  -0.2073E-07   0.2546E-03   0.3825E-05  -0.5119E-07  -0.2753E-04  -0.6580E-07   0.1054E-07   0.1976E-03   0.3293E-05   0.1169E-06   0.4418E-07  -0.7269E-08   0.1450E-07  -0.1327E-07   0.1189E-06  -0.8466E-03   0.1433E-03  -0.4474E-03
  0.4767E-04   0.2948E-03  -0.2382E-03  -0.1143E-04  -0.2382E-03   0.1296E-02   0.5640E-04  -0.7924E-05   0.2033E-03   0.6465E-04   0.2871E-05  -0.1366E-03  -0.4769E-02   0.9752E-04   0.5272E-05   0.2525E-02   0.2060E+00   0.7812E-02   0.1130E-03   0.3429E-04   0.2352E-03  -0.1362E-03  -0.6240E-05  -0.3889E-02  -0.2691E-04   0.2918E-02   0.7037E-01   0.3760E-06  -0.1096E-02  -0.1776E-04   0.2191E-06   0.1151E-02   0.1856E-04  -0.1977E-06  -0.8133E-03  -0.1422E-04   0.1413E-06  -0.1439E-06   0.7494E-08   0.8855E-08   0.1662E-07  -0.3407E-07   0.3305E-02   0.6086E-03   0.1934E-02
  0.2417E-05   0.3164E-04  -0.1319E-04  -0.9045E-06  -0.1438E-04   0.5640E-04   0.3806E-05  -0.4279E-06   0.3807E-05   0.3280E-05   0.1987E-06  -0.8818E-05  -0.3252E-03   0.1275E-04   0.5816E-06   0.1766E-03   0.1247E-01   0.5409E-03   0.8362E-05   0.2523E-05   0.6668E-04  -0.6286E-05  -0.3215E-06  -0.1734E-03   0.6183E-04  -0.3669E-03   0.4117E-02   0.1068E-07  -0.7399E-04  -0.1209E-05   0.7263E-08   0.8179E-04   0.1327E-05  -0.5244E-08  -0.6814E-04  -0.1116E-05  -0.1286E-08  -0.7084E-08   0.3004E-09  -0.5988E-09   0.1697E-08  -0.4466E-08   0.3170E-03  -0.1374E-04   0.1037E-03
 -0.2554E-05  -0.1304E-03  -0.2772E-05   0.4299E-07   0.1992E-05  -0.7924E-05  -0.4279E-06   0.5070E-06   0.2510E-04   0.5270E-06  -0.8789E-08   0.3443E-05   0.2686E-03   0.1556E-04   0.6118E-06   0.1225E-04   0.2784E-05  -0.9003E-05  -0.8596E-07  -0.9238E-06  -0.5914E-04  -0.2679E-05  -0.9197E-07  -0.1219E-04  -0.9461E-05  -0.3051E-05  -0.1540E-02  -0.1112E-07  -0.1945E-06  -0.8427E-08  -0.6189E-08  -0.7795E-05  -0.1315E-06   0.5529E-08   0.3926E-05   0.5682E-07  -0.2299E-08   0.4287E-08  -0.3206E-09   0.4091E-10  -0.7095E-09   0.2168E-08  -0.7302E-07   0.1158E-04  -0.2525E-04
 -0.1147E-03  -0.1753E-01  -0.8174E-03  -0.7945E-05  -0.1152E-03   0.2033E-03   0.3807E-05   0.2510E-04   0.3369E-02   0.1666E-03   0.2244E-05   0.6274E-04   0.2425E-01   0.1900E-02   0.6205E-04   0.2744E-02   0.1069E+00   0.3336E-02   0.4759E-04  -0.2512E-04  -0.6616E-02  -0.5087E-03  -0.1626E-04   0.9054E-01   0.3843E-02  -0.2036E-02  -0.5956E-01  -0.1059E-05  -0.1035E-02  -0.1593E-04  -0.4769E-06  -0.3459E-03  -0.7096E-05   0.4897E-06  -0.1689E-03  -0.3233E-05  -0.2181E-06   0.2294E-06  -0.1257E-07   0.4641E-07  -0.6795E-07   0.9209E-07   0.3829E-03  -0.7690E-03  -0.1205E-02
 -0.1955E-05  -0.7923E-03  -0.5612E-04  -0.1182E-05  -0.1876E-04   0.6465E-04   0.3280E-05   0.5270E-06   0.1666E-03   0.1244E-04   0.3123E-06  -0.6393E-05   0.8325E-03   0.1037E-03   0.3487E-05   0.2554E-03   0.1456E-01   0.5444E-03   0.7800E-05   0.1660E-05  -0.2641E-03  -0.3295E-04  -0.1183E-05   0.4357E-02   0.2718E-03  -0.2515E-03   0.1008E-02  -0.2479E-07  -0.1228E-03  -0.1965E-05  -0.6901E-08   0.5027E-04   0.7585E-06   0.1099E-07  -0.5660E-04  -0.9622E-06  -0.7131E-08   0.1280E-09  -0.1222E-10   0.1628E-08  -0.1103E-09  -0.2665E-08   0.2227E-03  -0.6148E-04   0.2279E-04
  0.5471E-07  -0.7913E-05  -0.1260E-05  -0.6021E-07  -0.8943E-06   0.2871E-05   0.1987E-06  -0.8789E-08   0.2244E-05   0.3123E-06   0.1439E-07  -0.4972E-06  -0.4721E-05   0.2202E-05   0.8566E-07   0.1109E-04   0.6756E-03   0.2730E-04   0.3853E-06   0.1578E-06   0.1024E-05  -0.7165E-06  -0.3168E-07   0.2150E-04   0.5998E-05  -0.2916E-04   0.1404E-03   0.1111E-09  -0.5204E-05  -0.8521E-07   0.2402E-09   0.4462E-05   0.7194E-07  -0.4826E-10  -0.3538E-05  -0.5800E-07  -0.2850E-09  -0.3202E-09   0.2180E-10  -0.2488E-10   0.1173E-09  -0.3347E-09   0.1725E-04  -0.2259E-05   0.3952E-05
 -0.1504E-04  -0.1965E-03   0.3211E-04   0.2392E-05   0.9720E-04  -0.1366E-03  -0.8818E-05   0.3443E-05   0.6274E-04  -0.6393E-05  -0.4972E-06   0.8030E-04   0.2870E-02   0.1944E-04  -0.5128E-06  -0.8287E-03  -0.3232E-01  -0.9906E-03  -0.1170E-04  -0.2718E-04  -0.1171E-02  -0.2339E-04  -0.1806E-06  -0.2156E-03  -0.2379E-03   0.1757E-02  -0.3007E-02  -0.1287E-07   0.6792E-04   0.1200E-05  -0.1942E-07  -0.8499E-04  -0.1521E-05   0.5779E-08   0.9366E-04   0.1564E-05   0.4354E-07   0.2516E-07  -0.2680E-08   0.4038E-08  -0.8841E-08   0.4049E-07  -0.3614E-03  -0.2067E-03  -0.2329E-03
 -0.1111E-02  -0.1212E+00  -0.3920E-02   0.4472E-04   0.2893E-03  -0.4769E-02  -0.3252E-03   0.2686E-03   0.2425E-01   0.8325E-03  -0.4721E-05   0.2870E-02   0.3509E+00   0.1688E-01   0.3794E-03   0.1326E-01  -0.4132E+00  -0.3037E-01  -0.6870E-03  -0.1074E-02  -0.1131E+00  -0.5663E-02  -0.1335E-03   0.8209E+00   0.2631E-01   0.2579E-01  -0.9233E-02  -0.1631E-04   0.7237E-03   0.3460E-04  -0.8172E-05  -0.1037E-01  -0.1951E-03   0.7848E-05   0.3582E-02   0.6177E-04  -0.3774E-05   0.2014E-05   0.9352E-07   0.3964E-06  -0.9730E-06   0.1958E-05  -0.2727E-01  -0.4045E-01  -0.1029E-01
 -0.7376E-04  -0.9875E-02  -0.5073E-03  -0.9358E-05  -0.1856E-03   0.9752E-04   0.1275E-04   0.1556E-04   0.1900E-02   0.1037E-03   0.2202E-05   0.1944E-04   0.1688E-01   0.1486E-02   0.4823E-04   0.2866E-02   0.8484E-01   0.2388E-02   0.1591E-04  -0.4565E-05  -0.4173E-02  -0.3722E-03  -0.1213E-04   0.4478E-01   0.2707E-02  -0.7415E-02  -0.3022E-01  -0.8264E-06  -0.7002E-03  -0.9962E-05  -0.3896E-06  -0.4603E-05  -0.1559E-05   0.4062E-06  -0.3196E-03  -0.5044E-05  -0.3009E-06   0.1000E-06   0.2380E-08   0.4349E-08  -0.2367E-07   0.1615E-07   0.1433E-02  -0.1673E-02  -0.3815E-03
 -0.3421E-05  -0.3370E-03  -0.1767E-04  -0.3920E-06  -0.5727E-05   0.5272E-05   0.5816E-06   0.6118E-06   0.6205E-04   0.3487E-05   0.8566E-07  -0.5128E-06   0.3794E-03   0.4823E-04   0.2078E-05   0.8153E-04   0.3052E-02   0.1025E-03   0.1238E-05   0.7682E-06  -0.3776E-04  -0.8322E-05  -0.3911E-06   0.3861E-03   0.4393E-04  -0.2598E-03  -0.3230E-02  -0.1269E-07  -0.2261E-04  -0.3314E-06  -0.5974E-08   0.4616E-05   0.4273E-07   0.6569E-08  -0.9594E-05  -0.1598E-06  -0.6516E-08   0.3801E-08  -0.6280E-09  -0.3125E-09   0.1692E-09  -0.9950E-09   0.6542E-04   0.3858E-04  -0.3012E-04
 -0.4442E-04  -0.1173E-01  -0.1020E-02  -0.4671E-04  -0.1930E-02   0.2525E-02   0.1766E-03   0.1225E-04   0.2744E-02   0.2554E-03   0.1109E-04  -0.8287E-03   0.1326E-01   0.2866E-02   0.8153E-04   0.2636E-01   0.1066E+01   0.3557E-01   0.4737E-03   0.2674E-03  -0.9974E-03  -0.7673E-03  -0.2736E-04   0.4249E-01   0.5236E-02  -0.3215E-01   0.2108E+00  -0.2920E-05  -0.3515E-02  -0.6010E-04  -0.1254E-05   0.3160E-02   0.5299E-04   0.1425E-05  -0.3621E-02  -0.6090E-04  -0.1670E-05  -0.1063E-06   0.6884E-07  -0.6166E-07  -0.1662E-08  -0.3495E-06   0.1952E-01  -0.4672E-02   0.5164E-02
  0.1450E-02  -0.2398E+00  -0.5220E-01  -0.2769E-02  -0.6851E-01   0.2060E+00   0.1247E-01   0.2784E-05   0.1069E+00   0.1456E-01   0.6756E-03  -0.3232E-01  -0.4132E+00   0.8484E-01   0.3052E-02   0.1066E+01   0.6715E+02   0.2728E+01   0.4426E-01   0.9398E-02   0.6148E-02  -0.3788E-01  -0.1590E-02  -0.1901E+01   0.1008E+00  -0.8021E+00   0.1620E+02   0.3937E-04  -0.3671E+00  -0.6315E-02   0.3025E-04   0.3616E+00   0.6154E-02  -0.2033E-04  -0.2954E+00  -0.5008E-02  -0.1201E-04  -0.1769E-04   0.4005E-06  -0.3503E-05   0.5006E-05  -0.2397E-04   0.1763E+01  -0.1964E-01   0.3313E+00
  0.1072E-03  -0.3933E-02  -0.1918E-02  -0.1152E-03  -0.1963E-02   0.7812E-02   0.5409E-03  -0.9003E-05   0.3336E-02   0.5444E-03   0.2730E-04  -0.9906E-03  -0.3037E-01   0.2388E-02   0.1025E-03   0.3557E-01   0.2728E+01   0.1249E+00   0.2212E-02   0.2691E-03   0.1408E-02  -0.1347E-02  -0.6048E-04  -0.1078E+00   0.4276E-02  -0.3888E-01   0.7321E+00   0.3246E-05  -0.1816E-01  -0.3086E-03   0.2004E-05   0.1843E-01   0.3103E-03  -0.1618E-05  -0.1418E-01  -0.2359E-03   0.1942E-06  -0.7822E-06  -0.1004E-06  -0.1534E-06   0.2570E-06  -0.9539E-06   0.8878E-01   0.3598E-02   0.1167E-01
  0.1282E-05  -0.2874E-04  -0.2650E-04  -0.1618E-05  -0.1998E-04   0.1130E-03   0.8362E-05  -0.8596E-07   0.4759E-04   0.7800E-05   0.3853E-06  -0.1170E-04  -0.6870E-03   0.1591E-04   0.1238E-05   0.4737E-03   0.4426E-01   0.2212E-02   0.4242E-04   0.3060E-05   0.6095E-04  -0.1588E-04  -0.8354E-06  -0.2513E-02   0.1922E-04  -0.4370E-03   0.1147E-01   0.7827E-07  -0.3195E-03  -0.5442E-05   0.4461E-07   0.3295E-03   0.5559E-05  -0.3893E-07  -0.2441E-03  -0.4044E-05   0.1433E-07  -0.1167E-07  -0.4004E-08  -0.2452E-08   0.4476E-08  -0.1509E-07   0.1629E-02   0.2335E-03   0.1223E-03
  0.2624E-05   0.2037E-04  -0.1076E-04  -0.7956E-06  -0.2924E-04   0.3429E-04   0.2523E-05  -0.9238E-06  -0.2512E-04   0.1660E-05   0.1578E-06  -0.2718E-04  -0.1074E-02  -0.4565E-05   0.7682E-06   0.2674E-03   0.9398E-02   0.2691E-03   0.3060E-05   0.1073E-04   0.5538E-03   0.1547E-04   0.1666E-06  -0.8719E-03   0.4276E-04  -0.6690E-03  -0.2281E-02  -0.4176E-08   0.2177E-04   0.3262E-06  -0.2155E-09   0.2268E-04   0.4355E-06   0.2814E-08  -0.1983E-04  -0.3379E-06  -0.1673E-07  -0.6557E-08   0.2212E-09  -0.1716E-08   0.3167E-08  -0.9989E-08   0.9024E-04   0.1480E-03   0.4038E-04
  0.1106E-03   0.2293E-01   0.7994E-03  -0.2070E-04  -0.2592E-03   0.2352E-03   0.6668E-04  -0.5914E-04  -0.6616E-02  -0.2641E-03   0.1024E-05  -0.1171E-02  -0.1131E+00  -0.4173E-02  -0.3776E-04  -0.9974E-03   0.6148E-02   0.1408E-02   0.6095E-04   0.5538E-03   0.5127E-01   0.2470E-02   0.5272E-04  -0.2445E+00  -0.6956E-02  -0.3080E-01  -0.3581E+00   0.2736E-05   0.5584E-02   0.8633E-04   0.1127E-05   0.8411E-03   0.2116E-04  -0.1256E-05   0.2881E-03   0.4419E-05   0.3167E-06  -0.2033E-06  -0.7276E-07  -0.1501E-06   0.2211E-06  -0.2484E-06   0.1635E-02   0.1864E-01  -0.5705E-03
  0.4565E-05   0.1922E-02   0.1238E-03   0.2143E-05   0.4853E-04  -0.1362E-03  -0.6286E-05  -0.2679E-05  -0.5087E-03  -0.3295E-04  -0.7165E-06  -0.2339E-04  -0.5663E-02  -0.3722E-03  -0.8322E-05  -0.7673E-03  -0.3788E-01  -0.1347E-02  -0.1588E-04   0.1547E-04   0.2470E-02   0.1681E-03   0.4619E-05  -0.1414E-01  -0.7177E-03   0.1172E-03  -0.2068E-01   0.1353E-06   0.5802E-03   0.9210E-05   0.4401E-07  -0.1779E-03  -0.2534E-05  -0.6287E-07   0.1885E-03   0.3109E-05   0.4018E-07   0.6995E-08  -0.4633E-08  -0.5201E-08   0.3980E-08   0.1238E-07  -0.8315E-03   0.1001E-02  -0.1909E-03
  0.3054E-06   0.6450E-04   0.4617E-05   0.1091E-06   0.1854E-05  -0.6240E-05  -0.3215E-06  -0.9197E-07  -0.1626E-04  -0.1183E-05  -0.3168E-07  -0.1806E-06  -0.1335E-03  -0.1213E-04  -0.3911E-06  -0.2736E-04  -0.1590E-02  -0.6048E-04  -0.8354E-06   0.1666E-06   0.5272E-04   0.4619E-05   0.1551E-06  -0.2287E-03  -0.1529E-04   0.1277E-04  -0.2742E-03   0.1413E-08   0.1885E-04   0.3030E-06   0.4092E-10  -0.8848E-05  -0.1374E-06  -0.6460E-09   0.7174E-05   0.1208E-06   0.6982E-09   0.3653E-09  -0.1101E-10  -0.6673E-10  -0.1021E-09   0.7283E-09  -0.3674E-04   0.1222E-04  -0.4510E-05
  0.7634E-03  -0.5758E+00  -0.2685E-01  -0.1031E-03  -0.3252E-03  -0.3889E-02  -0.1734E-03  -0.1219E-04   0.9054E-01   0.4357E-02   0.2150E-04  -0.2156E-03   0.8209E+00   0.4478E-01   0.3861E-03   0.4249E-01  -0.1901E+01  -0.1078E+00  -0.2513E-02  -0.8719E-03  -0.2445E+00  -0.1414E-01  -0.2287E-03   0.7610E+01   0.3225E+00  -0.1791E+00   0.2462E+01  -0.9099E-04   0.4180E-01   0.7778E-03  -0.4591E-04  -0.4740E-01  -0.8713E-03   0.4246E-04   0.9168E-02   0.1948E-03  -0.1771E-04   0.7227E-05   0.1146E-05   0.3658E-05  -0.6594E-05   0.1375E-04  -0.2014E+00  -0.2183E+00  -0.4553E-02
  0.7264E-04  -0.2425E-01  -0.1617E-02  -0.3054E-04  -0.3663E-03  -0.2691E-04   0.6183E-04  -0.9461E-05   0.3843E-02   0.2718E-03   0.5998E-05  -0.2379E-03   0.2631E-01   0.2707E-02   0.4393E-04   0.5236E-02   0.1008E+00   0.4276E-02   0.1922E-04   0.4276E-04  -0.6956E-02  -0.7177E-03  -0.1529E-04   0.3225E+00   0.2014E-01  -0.3611E-01   0.1470E+00  -0.3121E-05  -0.1124E-03   0.2579E-05  -0.1503E-05  -0.7174E-03  -0.1618E-04   0.1501E-05  -0.1272E-02  -0.1744E-04  -0.9850E-06   0.1814E-06   0.7348E-07   0.5951E-07  -0.1246E-06   0.2338E-06   0.1058E-03  -0.1305E-01   0.6845E-03
  0.1048E-03   0.2425E-01   0.1949E-02   0.1735E-03   0.2603E-02   0.2918E-02  -0.3669E-03  -0.3051E-05  -0.2036E-02  -0.2515E-03  -0.2916E-04   0.1757E-02   0.2579E-01  -0.7415E-02  -0.2598E-03  -0.3215E-01  -0.8021E+00  -0.3888E-01  -0.4370E-03  -0.6690E-03  -0.3080E-01   0.1172E-03   0.1277E-04  -0.1791E+00  -0.3611E-01   0.2780E+00   0.1594E+00   0.8224E-05   0.8716E-02   0.1289E-03   0.3898E-05  -0.8338E-02  -0.1223E-03  -0.4283E-05   0.9323E-02   0.1334E-03   0.5105E-05  -0.5137E-06  -0.8684E-07   0.3665E-06  -0.1932E-06   0.8745E-06  -0.5660E-01   0.2219E-01  -0.1466E-02
  0.1061E-01   0.5225E+00   0.6410E-02  -0.4125E-03  -0.1213E-01   0.7037E-01   0.4117E-02  -0.1540E-02  -0.5956E-01   0.1008E-02   0.1404E-03  -0.3007E-02  -0.9233E-02  -0.3022E-01  -0.3230E-02   0.2108E+00   0.1620E+02   0.7321E+00   0.1147E-01  -0.2281E-02  -0.3581E+00  -0.2068E-01  -0.2742E-03   0.2462E+01   0.1470E+00   0.1594E+00   0.1969E+02  -0.8839E-05  -0.1233E+00  -0.2055E-02  -0.4283E-06   0.1351E+00   0.2206E-02   0.2954E-05  -0.1063E+00  -0.1720E-02  -0.1531E-05  -0.1869E-04   0.3192E-05   0.1002E-05  -0.5811E-06  -0.8406E-06   0.4785E+00  -0.4171E+00   0.2429E+00
  0.5968E-07   0.7672E-05   0.1965E-06   0.2549E-09  -0.2073E-07   0.3760E-06   0.1068E-07  -0.1112E-07  -0.1059E-05  -0.2479E-07   0.1111E-09  -0.1287E-07  -0.1631E-04  -0.8264E-06  -0.1269E-07  -0.2920E-05   0.3937E-04   0.3246E-05   0.7827E-07  -0.4176E-08   0.2736E-05   0.1353E-06   0.1413E-08  -0.9099E-04  -0.3121E-05   0.8224E-05  -0.8839E-05   0.6745E-08  -0.1322E-05  -0.2411E-07   0.2121E-08   0.1568E-06   0.5077E-08  -0.1894E-08  -0.3953E-06  -0.7737E-08   0.7827E-09  -0.2735E-09  -0.1168E-10  -0.1284E-09   0.1667E-09  -0.8433E-09   0.3554E-05   0.2681E-05   0.2662E-06
 -0.4863E-04  -0.1779E-02   0.2245E-03   0.1730E-04   0.2546E-03  -0.1096E-02  -0.7399E-04  -0.1945E-06  -0.1035E-02  -0.1228E-03  -0.5204E-05   0.6792E-04   0.7237E-03  -0.7002E-03  -0.2261E-04  -0.3515E-02  -0.3671E+00  -0.1816E-01  -0.3195E-03   0.2177E-04   0.5584E-02   0.5802E-03   0.1885E-04   0.4180E-01  -0.1124E-03   0.8716E-02  -0.1233E+00  -0.1322E-05   0.4489E-01   0.7345E-03  -0.4432E-05  -0.4944E-02  -0.8095E-04   0.6577E-06   0.2510E-02   0.4094E-04  -0.2051E-06   0.2095E-06   0.1759E-07   0.8749E-08  -0.1539E-06   0.4008E-05  -0.1860E-01   0.8588E-03  -0.1771E-02
 -0.7768E-06  -0.3843E-04   0.3179E-05   0.2750E-06   0.3825E-05  -0.1776E-04  -0.1209E-05  -0.8427E-08  -0.1593E-04  -0.1965E-05  -0.8521E-07   0.1200E-05   0.3460E-04  -0.9962E-05  -0.3314E-06  -0.6010E-04  -0.6315E-02  -0.3086E-03  -0.5442E-05   0.3262E-06   0.8633E-04   0.9210E-05   0.3030E-06   0.7778E-03   0.2579E-05   0.1289E-03  -0.2055E-02  -0.2411E-07   0.7345E-03   0.1207E-04  -0.7427E-07  -0.8237E-04  -0.1371E-05   0.1198E-07   0.4176E-04   0.6859E-06  -0.3951E-08   0.3331E-08   0.2666E-09   0.1925E-09  -0.2645E-08   0.6644E-07  -0.3086E-03   0.1354E-04  -0.2966E-04
  0.3543E-07   0.3884E-05   0.8878E-07  -0.3334E-09  -0.5119E-07   0.2191E-06   0.7263E-08  -0.6189E-08  -0.4769E-06  -0.6901E-08   0.2402E-09  -0.1942E-07  -0.8172E-05  -0.3896E-06  -0.5974E-08  -0.1254E-05   0.3025E-04   0.2004E-05   0.4461E-07  -0.2155E-09   0.1127E-05   0.4401E-07   0.4092E-10  -0.4591E-04  -0.1503E-05   0.3898E-05  -0.4283E-06   0.2121E-08  -0.4432E-05  -0.7427E-07   0.1870E-08   0.1127E-06   0.3136E-08  -0.1036E-08  -0.2450E-06  -0.4658E-08   0.3944E-09  -0.1702E-09  -0.4570E-11  -0.6070E-10   0.1021E-09  -0.1201E-08   0.2022E-05   0.1276E-05   0.1973E-06
  0.4726E-04   0.5160E-02  -0.2953E-04  -0.1694E-04  -0.2753E-04   0.1151E-02   0.8179E-04  -0.7795E-05  -0.3459E-03   0.5027E-04   0.4462E-05  -0.8499E-04  -0.1037E-01  -0.4603E-05   0.4616E-05   0.3160E-02   0.3616E+00   0.1843E-01   0.3295E-03   0.2268E-04   0.8411E-03  -0.1779E-03  -0.8848E-05  -0.4740E-01  -0.7174E-03  -0.8338E-02   0.1351E+00   0.1568E-06  -0.4944E-02  -0.8237E-04   0.1127E-06   0.5404E-01   0.8828E-03  -0.3036E-05  -0.2481E-02  -0.4042E-04   0.1527E-06  -0.1507E-05  -0.2170E-07   0.2989E-05   0.3035E-05   0.7572E-07   0.1827E-01   0.8740E-05   0.2220E-02
  0.7701E-06   0.9369E-04  -0.1634E-07  -0.2674E-06  -0.6580E-07   0.1856E-04   0.1327E-05  -0.1315E-06  -0.7096E-05   0.7585E-06   0.7194E-07  -0.1521E-05  -0.1951E-03  -0.1559E-05   0.4273E-07   0.5299E-04   0.6154E-02   0.3103E-03   0.5559E-05   0.4355E-06   0.2116E-04  -0.2534E-05  -0.1374E-06  -0.8713E-03  -0.1618E-04  -0.1223E-03   0.2206E-02   0.5077E-08  -0.8095E-04  -0.1371E-05   0.3136E-08   0.8828E-03   0.1450E-04  -0.5100E-07  -0.4096E-04  -0.6720E-06   0.3150E-08  -0.3235E-07  -0.3414E-09   0.4894E-07   0.4986E-07   0.8906E-09   0.3015E-03   0.1850E-05   0.3654E-04
 -0.3012E-07  -0.3610E-05  -0.9164E-07  -0.2277E-09   0.1054E-07  -0.1977E-06  -0.5244E-08   0.5529E-08   0.4897E-06   0.1099E-07  -0.4826E-10   0.5779E-08   0.7848E-05   0.4062E-06   0.6569E-08   0.1425E-05  -0.2033E-04  -0.1618E-05  -0.3893E-07   0.2814E-08  -0.1256E-05  -0.6287E-07  -0.6460E-09   0.4246E-04   0.1501E-05  -0.4283E-05   0.2954E-05  -0.1894E-08   0.6577E-06   0.1198E-07  -0.1036E-08  -0.3036E-05  -0.5100E-07   0.1523E-08   0.1898E-06   0.3746E-08  -0.3855E-09  -0.1734E-09   0.5611E-11  -0.5463E-09  -0.6817E-09   0.4126E-09  -0.1677E-05  -0.1307E-05  -0.1457E-06
 -0.3060E-04  -0.8040E-03   0.1913E-03   0.1574E-04   0.1976E-03  -0.8133E-03  -0.6814E-04   0.3926E-05  -0.1689E-03  -0.5660E-04  -0.3538E-05   0.9366E-04   0.3582E-02  -0.3196E-03  -0.9594E-05  -0.3621E-02  -0.2954E+00  -0.1418E-01  -0.2441E-03  -0.1983E-04   0.2881E-03   0.1885E-03   0.7174E-05   0.9168E-02  -0.1272E-02   0.9323E-02  -0.1063E+00  -0.3953E-06   0.2510E-02   0.4176E-04  -0.2450E-06  -0.2481E-02  -0.4096E-04   0.1898E-06   0.2008E+00   0.3332E-02  -0.2082E-04   0.1140E-06   0.4432E-05   0.2458E-07  -0.3906E-07   0.1280E-06  -0.1155E-01   0.1393E-02  -0.1718E-02
 -0.4616E-06  -0.1241E-04   0.3208E-05   0.2541E-06   0.3293E-05  -0.1422E-04  -0.1116E-05   0.5682E-07  -0.3233E-05  -0.9622E-06  -0.5800E-07   0.1564E-05   0.6177E-04  -0.5044E-05  -0.1598E-06  -0.6090E-04  -0.5008E-02  -0.2359E-03  -0.4044E-05  -0.3379E-06   0.4419E-05   0.3109E-05   0.1208E-06   0.1948E-03  -0.1744E-04   0.1334E-03  -0.1720E-02  -0.7737E-08   0.4094E-04   0.6859E-06  -0.4658E-08  -0.4042E-04  -0.6720E-06   0.3746E-08   0.3332E-02   0.5553E-04  -0.3595E-06   0.1890E-08   0.1060E-06   0.4029E-09  -0.6628E-09   0.2163E-08  -0.1880E-03   0.2017E-04  -0.2873E-04
  0.1231E-07   0.1626E-05   0.5058E-07   0.1729E-08   0.1169E-06   0.1413E-06  -0.1286E-08  -0.2299E-08  -0.2181E-06  -0.7131E-08  -0.2850E-09   0.4354E-07  -0.3774E-05  -0.3009E-06  -0.6516E-08  -0.1670E-05  -0.1201E-04   0.1942E-06   0.1433E-07  -0.1673E-07   0.3167E-06   0.4018E-07   0.6982E-09  -0.1771E-04  -0.9850E-06   0.5105E-05  -0.1531E-05   0.7827E-09  -0.2051E-06  -0.3951E-08   0.3944E-09   0.1527E-06   0.3150E-08  -0.3855E-09  -0.2082E-04  -0.3595E-06   0.5512E-08  -0.3948E-10  -0.4643E-08  -0.3781E-11   0.2071E-10  -0.4805E-10   0.2958E-06   0.8835E-06   0.1265E-07
 -0.2228E-07  -0.1585E-05  -0.2749E-07   0.8746E-09   0.4418E-07  -0.1439E-06  -0.7084E-08   0.4287E-08   0.2294E-06   0.1280E-09  -0.3202E-09   0.2516E-07   0.2014E-05   0.1000E-06   0.3801E-08  -0.1063E-06  -0.1769E-04  -0.7822E-06  -0.1167E-07  -0.6557E-08  -0.2033E-06   0.6995E-08   0.3653E-09   0.7227E-05   0.1814E-06  -0.5137E-06  -0.1869E-04  -0.2735E-09   0.2095E-06   0.3331E-08  -0.1702E-09  -0.1507E-05  -0.3235E-07  -0.1734E-09   0.1140E-06   0.1890E-08  -0.3948E-10   0.5309E-08  -0.2696E-11   0.3150E-09   0.2892E-09   0.8906E-10  -0.5218E-06  -0.5178E-07  -0.3424E-06
  0.2171E-08   0.8330E-07   0.9283E-09  -0.7637E-10  -0.7269E-08   0.7494E-08   0.3004E-09  -0.3206E-09  -0.1257E-07  -0.1222E-10   0.2180E-10  -0.2680E-08   0.9352E-07   0.2380E-08  -0.6280E-09   0.6884E-07   0.4005E-06  -0.1004E-06  -0.4004E-08   0.2212E-09  -0.7276E-07  -0.4633E-08  -0.1101E-10   0.1146E-05   0.7348E-07  -0.8684E-07   0.3192E-05  -0.1168E-10   0.1759E-07   0.2666E-09  -0.4570E-11  -0.2170E-07  -0.3414E-09   0.5611E-11   0.4432E-05   0.1060E-06  -0.4643E-08  -0.2696E-11   0.1450E-07  -0.1573E-12  -0.2407E-12  -0.1828E-11  -0.1172E-06  -0.2130E-06   0.7197E-07
  0.3799E-10  -0.2636E-06  -0.7629E-08   0.2210E-09   0.1450E-07   0.8855E-08  -0.5988E-09   0.4091E-10   0.4641E-07   0.1628E-08  -0.2488E-10   0.4038E-08   0.3964E-06   0.4349E-08  -0.3125E-09  -0.6166E-07  -0.3503E-05  -0.1534E-06  -0.2452E-08  -0.1716E-08  -0.1501E-06  -0.5201E-08  -0.6673E-10   0.3658E-05   0.5951E-07   0.3665E-06   0.1002E-05  -0.1284E-09   0.8749E-08   0.1925E-09  -0.6070E-10   0.2989E-05   0.4894E-07  -0.5463E-09   0.2458E-07   0.4029E-09  -0.3781E-11   0.3150E-09  -0.1573E-12   0.3837E-08   0.5989E-09   0.3587E-10  -0.2084E-06  -0.2427E-07  -0.1206E-08
  0.3299E-08   0.5386E-06   0.8786E-08  -0.4409E-09  -0.1327E-07   0.1662E-07   0.1697E-08  -0.7095E-09  -0.6795E-07  -0.1103E-09   0.1173E-09  -0.8841E-08  -0.9730E-06  -0.2367E-07   0.1692E-09  -0.1662E-08   0.5006E-05   0.2570E-06   0.4476E-08   0.3167E-08   0.2211E-06   0.3980E-08  -0.1021E-09  -0.6594E-05  -0.1246E-06  -0.1932E-06  -0.5811E-06   0.1667E-09  -0.1539E-06  -0.2645E-08   0.1021E-09   0.3035E-05   0.4986E-07  -0.6817E-09  -0.3906E-07  -0.6628E-09   0.2071E-10   0.2892E-09  -0.2407E-12   0.5989E-09   0.7063E-08  -0.5394E-10   0.2983E-06   0.1181E-06   0.2985E-07
 -0.1407E-07  -0.1082E-05  -0.1603E-07   0.1146E-08   0.1189E-06  -0.3407E-07  -0.4466E-08   0.2168E-08   0.9209E-07  -0.2665E-08  -0.3347E-09   0.4049E-07   0.1958E-05   0.1615E-07  -0.9950E-09  -0.3495E-06  -0.2397E-04  -0.9539E-06  -0.1509E-07  -0.9989E-08  -0.2484E-06   0.1238E-07   0.7283E-09   0.1375E-04   0.2338E-06   0.8745E-06  -0.8406E-06  -0.8433E-09   0.4008E-05   0.6644E-07  -0.1201E-08   0.7572E-07   0.8906E-09   0.4126E-09   0.1280E-06   0.2163E-08  -0.4805E-10   0.8906E-10  -0.1828E-11   0.3587E-10  -0.5394E-10   0.5533E-08  -0.9001E-06  -0.1664E-06  -0.9525E-07
  0.3980E-04   0.9183E-02  -0.4827E-03  -0.7522E-04  -0.8466E-03   0.3305E-02   0.3170E-03  -0.7302E-07   0.3829E-03   0.2227E-03   0.1725E-04  -0.3614E-03  -0.2727E-01   0.1433E-02   0.6542E-04   0.1952E-01   0.1763E+01   0.8878E-01   0.1629E-02   0.9024E-04   0.1635E-02  -0.8315E-03  -0.3674E-04  -0.2014E+00   0.1058E-03  -0.5660E-01   0.4785E+00   0.3554E-05  -0.1860E-01  -0.3086E-03   0.2022E-05   0.1827E-01   0.3015E-03  -0.1677E-05  -0.1155E-01  -0.1880E-03   0.2958E-06  -0.5218E-06  -0.1172E-06  -0.2084E-06   0.2983E-06  -0.9001E-06   0.8927E-01  -0.1095E-02   0.5192E-02
 -0.1386E-03   0.1973E-02   0.2338E-03   0.8396E-05   0.1433E-03   0.6086E-03  -0.1374E-04   0.1158E-04  -0.7690E-03  -0.6148E-04  -0.2259E-05  -0.2067E-03  -0.4045E-01  -0.1673E-02   0.3858E-04  -0.4672E-02  -0.1964E-01   0.3598E-02   0.2335E-03   0.1480E-03   0.1864E-01   0.1001E-02   0.1222E-04  -0.2183E+00  -0.1305E-01   0.2219E-01  -0.4171E+00   0.2681E-05   0.8588E-03   0.1354E-04   0.1276E-05   0.8740E-05   0.1850E-05  -0.1307E-05   0.1393E-02   0.2017E-04   0.8835E-06  -0.5178E-07  -0.2130E-06  -0.2427E-07   0.1181E-06  -0.1664E-06  -0.1095E-02   0.3333E-01  -0.6284E-02
  0.1560E-03   0.9063E-02   0.4061E-04  -0.1651E-04  -0.4474E-03   0.1934E-02   0.1037E-03  -0.2525E-04  -0.1205E-02   0.2279E-04   0.3952E-05  -0.2329E-03  -0.1029E-01  -0.3815E-03  -0.3012E-04   0.5164E-02   0.3313E+00   0.1167E-01   0.1223E-03   0.4038E-04  -0.5705E-03  -0.1909E-03  -0.4510E-05  -0.4553E-02   0.6845E-03  -0.1466E-02   0.2429E+00   0.2662E-06  -0.1771E-02  -0.2966E-04   0.1973E-06   0.2220E-02   0.3654E-04  -0.1457E-06  -0.1718E-02  -0.2873E-04   0.1265E-07  -0.3424E-06   0.7197E-07  -0.1206E-08   0.2985E-07  -0.9525E-07   0.5192E-02  -0.6284E-02   0.6207E-02
